id,eta_th1_SAEM,eta_th2_SAEM,eta_th1_mean,eta_th2_mean,eta_th1_mode,eta_th2_mode,eta_th1_sd,eta_th2_sd,treatment
1,-0.432067,-0.031303,-0.399122,-0.030695,-0.325656,-0.0131348,1.03862,0.202424,0
2,-0.458456,-0.0230222,-0.410747,-0.0344129,-0.325656,-0.0131347,1.02854,0.193845,0
3,1.24685,0.0182936,1.15361,0.0395509,1.31181,0.0566716,0.868498,0.191161,0
4,0.478044,-0.0373853,0.472518,-0.0316974,0.632127,-0.0308091,0.87774,0.202455,0
5,0.480974,-0.0391374,0.530519,-0.031104,0.632127,-0.0308092,0.909268,0.195609,0
6,0.537684,-0.0497843,0.534394,-0.0403162,0.632126,-0.0308092,0.905079,0.202874,0
7,0.53202,-0.0133275,0.456427,-0.00173309,0.608971,0.00977258,0.9151,0.194627,0
8,-0.399117,-0.0266182,-0.355865,-0.0171981,-0.325656,-0.0131347,0.987221,0.193482,0
9,-0.421776,-0.0345066,-0.403721,-0.0322023,-0.325656,-0.0131347,1.05855,0.203369,0
10,0.542229,-0.0378634,0.547469,-0.058131,0.632126,-0.0308094,0.863347,0.200009,0
11,-0.422187,-0.0339601,-0.494518,-0.0263548,-0.325656,-0.0131348,1.06362,0.204025,0
12,-0.501705,-0.014388,-0.465279,-0.0253104,-0.325656,-0.0131346,0.962057,0.200831,0
13,-0.385032,-0.0219265,-0.460059,-0.022495,-0.325656,-0.0131347,0.958823,0.199761,0
14,-0.461014,-0.0100541,-0.444569,-0.0300786,-0.325656,-0.0131348,1.01661,0.195312,0
15,0.414649,0.0328246,0.408241,0.0302823,0.58383,0.049732,0.904767,0.192085,0
16,-0.37933,-0.0113933,-0.480931,-0.0289455,-0.325656,-0.0131348,0.964377,0.2021,0
17,1.83956,0.0253151,1.83142,0.0355636,1.92599,0.0526662,0.790617,0.183303,0
18,0.516725,-0.0104029,0.474231,-0.00817209,0.608971,0.00977275,0.883683,0.203164,0
19,-0.466886,-0.0320299,-0.43034,-0.0344306,-0.325656,-0.0131348,1.01502,0.20268,0
20,-0.40898,-0.0273387,-0.452218,-0.0144255,-0.325656,-0.0131346,1.03771,0.196735,0
21,-0.49258,-0.0183265,-0.423496,-0.0226369,-0.325656,-0.0131347,1.05326,0.20616,0
22,-0.465907,-0.0171532,-0.378657,-0.0347756,-0.325656,-0.0131347,1.05617,0.2026,0
23,0.431059,-0.0174747,0.447466,-0.000223056,0.608971,0.00977266,0.949724,0.191953,0
24,-0.446361,-0.0311955,-0.434269,-0.0262382,-0.325656,-0.0131347,0.992077,0.208063,0
25,1.2017,0.0425853,1.28422,0.0304995,1.31181,0.0566717,0.851805,0.175712,0
26,-0.460042,-0.027246,-0.461497,-0.0186346,-0.325656,-0.0131347,0.978925,0.20074,0
27,1.00982,0.17161,1.01557,0.171391,1.13078,0.209164,0.891316,0.177102,0
28,-0.439342,-0.0310655,-0.411814,-0.0206173,-0.325656,-0.0131347,1.00121,0.197979,0
29,-0.397035,-0.0226822,-0.429551,-0.0307735,-0.325656,-0.0131347,0.976041,0.199336,0
30,-0.443041,-0.019532,-0.481705,-0.0252109,-0.325656,-0.0131346,1.04762,0.191115,0
31,-0.425258,-0.0373292,-0.557839,-0.0210718,-0.325656,-0.0131347,1.03429,0.19907,0
32,-0.41783,-0.0195196,-0.430313,-0.018229,-0.325656,-0.0131348,0.997153,0.194507,0
33,0.269466,0.164186,0.282258,0.181481,0.477273,0.182727,0.927317,0.197033,0
34,0.224334,0.23166,0.233288,0.23253,0.38077,0.268676,0.92671,0.185934,0
35,-0.434839,-0.0324538,-0.39371,-0.0266229,-0.325656,-0.0131347,0.982706,0.204517,0
36,-0.498534,-0.0213125,-0.454151,-0.0282263,-0.325656,-0.0131346,1.00134,0.203197,0
37,0.454553,-0.0393438,0.513322,-0.0319434,0.632126,-0.0308092,0.969764,0.191309,0
38,-0.475752,-0.0181802,-0.509979,-0.0210793,-0.325656,-0.0131348,1.04694,0.200379,0
39,-0.406641,-0.0148323,-0.439295,-0.019566,-0.325656,-0.0131347,1.05327,0.202743,0
40,-0.418673,-0.0120858,-0.485315,-0.0263362,-0.325655,-0.0131347,1.0502,0.208988,0
41,-0.46933,-0.027423,-0.459356,-0.0249616,-0.325656,-0.0131347,1.03048,0.205444,0
42,1.22177,0.0290381,1.24231,0.0243963,1.31181,0.0566719,0.877934,0.190331,0
43,-0.419644,-0.0258873,-0.420283,-0.0176889,-0.325656,-0.0131348,0.98632,0.199683,0
44,-0.391051,-0.0400362,-0.376587,-0.0340573,-0.325656,-0.0131347,1.01256,0.196948,0
45,0.67045,0.354008,0.687461,0.355769,0.831708,0.371157,0.826353,0.159309,0
46,0.403329,0.0730035,0.362158,0.0790158,0.556496,0.0889415,0.931354,0.186774,0
47,-0.446596,-0.0269768,-0.442775,-0.036009,-0.325655,-0.0131348,0.95132,0.212263,0
48,-0.457157,-0.0260571,-0.479095,-0.0360322,-0.325656,-0.0131347,0.990155,0.196317,0
49,-0.47898,-0.0240733,-0.385518,-0.0266022,-0.325656,-0.0131348,0.989964,0.204276,0
50,-0.447212,-0.0137239,-0.407252,-0.0195969,-0.325656,-0.0131348,1.04793,0.196793,0
51,0.497715,-0.0436347,0.434177,-0.0481261,0.632126,-0.0308092,0.899221,0.194975,0
52,0.483084,0.0245576,0.503886,0.0298852,0.58383,0.049732,0.913997,0.191702,0
53,0.471189,-0.0418762,0.444403,-0.0333796,0.632126,-0.0308093,0.912842,0.198579,0
54,0.441425,-0.0271939,0.596113,-0.0576488,0.632126,-0.0308093,0.899224,0.198256,0
55,-0.452856,-0.0334756,-0.404085,-0.0135133,-0.325656,-0.0131347,1.01107,0.204395,0
56,-0.45448,-0.012254,-0.435394,-0.0250797,-0.325656,-0.0131346,1.05664,0.197259,0
57,-0.463757,-0.0232672,-0.53151,-0.00627986,-0.325656,-0.0131348,1.02797,0.190095,0
58,-0.417709,-0.00978151,-0.413452,-0.0342963,-0.325656,-0.0131347,0.957864,0.211162,0
59,1.29009,-0.0144459,1.26349,0.00352527,1.34637,0.0196308,0.850099,0.190048,0
60,-0.428868,-0.0306527,-0.401325,-0.0176421,-0.325656,-0.0131347,1.0393,0.198882,0
61,1.16172,0.0197483,1.19057,0.028086,1.31181,0.0566719,0.850474,0.19045,0
62,2.26958,0.112393,2.27782,0.121523,2.31726,0.142216,0.811338,0.17155,0
63,-0.458411,-0.0174073,-0.514175,-0.0258144,-0.325657,-0.0131347,1.01185,0.191632,0
64,-0.431024,-0.025401,-0.409297,-0.0222951,-0.325656,-0.0131346,0.960271,0.198677,0
65,-0.452398,-0.0283253,-0.443607,-0.0182892,-0.325656,-0.0131346,1.05648,0.201013,0
66,-0.469055,-0.0310363,-0.364303,-0.0214405,-0.325657,-0.0131346,0.985157,0.207982,0
67,-0.494121,-0.0306037,-0.401939,-0.0338769,-0.325656,-0.0131348,1.02663,0.199067,0
68,0.538232,-0.0397102,0.497285,-0.0448118,0.632127,-0.0308092,0.941582,0.198234,0
69,-0.483172,-0.0217452,-0.483594,-0.0294183,-0.325656,-0.0131347,0.987289,0.1968,0
70,-0.460976,-0.0130758,-0.407553,-0.0365409,-0.325657,-0.0131347,1.03468,0.206657,0
71,0.527224,-0.0401742,0.554348,-0.0435508,0.632126,-0.0308091,0.901335,0.190242,0
72,-0.432758,-0.0297088,-0.360581,-0.023413,-0.325656,-0.0131346,1.03846,0.202433,0
73,-0.488841,-0.0337277,-0.43835,-0.0104979,-0.325656,-0.0131347,1.04291,0.209785,0
74,-0.4689,-0.0269452,-0.429786,-0.0316799,-0.325656,-0.0131346,1.04644,0.200751,0
75,-0.403754,-0.0348717,-0.449715,-0.0177791,-0.325656,-0.0131347,1.00082,0.199321,0
76,0.452856,-0.0421604,0.493082,-0.0592803,0.632127,-0.0308093,0.941126,0.203823,0
77,-0.410084,-0.0306275,-0.387777,-0.0427826,-0.325656,-0.0131347,0.976654,0.191326,0
78,0.366366,0.0384482,0.459106,0.00665049,0.58383,0.0497319,0.933044,0.194215,0
79,-0.445381,-0.0128213,-0.453819,-0.015375,-0.325656,-0.0131348,1.01199,0.19576,0
80,-0.476094,-0.0298577,-0.436612,-0.0283828,-0.325656,-0.0131347,0.973733,0.196992,0
81,-0.369954,-0.0238782,-0.449648,-0.0203811,-0.325656,-0.0131346,1.02798,0.194788,0
82,-0.385487,-0.0276491,-0.443491,-0.0306415,-0.325656,-0.0131348,1.00727,0.206627,0
83,1.1468,0.0258904,1.24209,0.0223943,1.31181,0.0566718,0.838525,0.184759,0
84,-0.403484,-0.0307283,-0.350519,-0.00331784,-0.325656,-0.0131347,0.996648,0.199526,0
85,-0.445371,-0.0235772,-0.51491,-0.0306813,-0.325656,-0.0131347,1.02826,0.204575,0
86,-0.352077,-0.0226147,-0.542154,-0.0114455,-0.325656,-0.0131346,1.02546,0.208512,0
87,-0.447915,-0.01304,-0.409419,-0.0240928,-0.325656,-0.0131347,0.978283,0.201762,0
88,1.30339,-0.038345,1.23037,-0.0423789,1.37899,-0.0183082,0.854242,0.193256,0
89,-0.391927,-0.0237463,-0.486972,-0.0269528,-0.325656,-0.0131348,1.01535,0.207811,0
90,-0.408985,-0.0203898,-0.429348,-0.0297085,-0.325656,-0.0131348,1.03319,0.192447,0
91,-0.471428,-0.030159,-0.452037,-0.00765128,-0.325656,-0.0131348,1.01137,0.193189,0
92,-0.412156,-0.016509,-0.409987,-0.0306566,-0.325656,-0.0131347,0.983347,0.199567,0
93,0.490246,0.0332531,0.398042,0.0195651,0.58383,0.049732,0.968269,0.18779,0
94,-0.453043,-0.0180521,-0.492522,-0.0269151,-0.325656,-0.0131345,1.03014,0.205035,0
95,-0.448085,-0.0319305,-0.413316,-0.0179704,-0.325656,-0.0131344,0.974384,0.195078,0
96,1.30774,0.345642,1.21667,0.363947,1.30463,0.382116,0.77926,0.147502,0
97,-0.475128,-0.0392323,-0.487592,-0.0244089,-0.325657,-0.0131347,1.01797,0.1965,0
98,-0.507975,-0.022454,-0.42573,-0.00931501,-0.325656,-0.0131347,0.982076,0.193343,0
99,1.83234,0.050975,1.84604,0.0513352,1.88297,0.0857423,0.807243,0.187931,0
100,1.3797,0.46974,1.46949,0.461027,1.54117,0.449932,0.743594,0.138144,0
101,-0.450877,-0.015332,-0.439735,-0.0230971,-0.325656,-0.0131346,0.982439,0.198624,0
102,-0.505152,-0.0168741,-0.421047,-0.0206977,-0.325656,-0.0131347,1.02126,0.205424,0
103,0.469655,-0.0412463,0.469202,-0.033493,0.632127,-0.0308091,0.91411,0.198287,0
104,0.45018,-0.0490937,0.549782,-0.0372114,0.632126,-0.0308092,0.902333,0.200444,0
105,1.22328,0.0026001,1.26506,-0.00176202,1.34637,0.0196308,0.839253,0.185778,0
106,1.25734,0.0060663,1.23218,0.000306686,1.34637,0.0196308,0.863308,0.189796,0
107,1.21376,0.0334118,1.21395,0.0276709,1.31181,0.0566717,0.930517,0.188895,0
108,-0.485202,-0.0303864,-0.446363,-0.0180826,-0.325656,-0.0131348,1.00294,0.206712,0
109,-0.449886,-0.014975,-0.468864,-0.0285321,-0.325655,-0.0131345,1.03535,0.196969,0
110,0.40833,0.0595308,0.370426,0.0612522,0.556496,0.0889414,0.95091,0.191795,0
111,-0.483354,-0.0278381,-0.409847,-0.0131171,-0.325656,-0.0131347,1.01459,0.205399,0
112,-0.454679,-0.0278089,-0.457454,-0.0129639,-0.325656,-0.0131348,0.990002,0.189588,0
113,0.493167,-0.00759915,0.467664,0.00597604,0.608971,0.00977261,0.938053,0.198946,0
114,-0.417276,-0.0149814,-0.41295,-0.0192697,-0.325656,-0.0131346,1.06715,0.194448,0
115,0.48829,0.0337829,0.456203,0.0219216,0.583829,0.0497321,0.900339,0.18759,0
116,-0.389491,-0.0200276,-0.431983,-0.0419647,-0.325656,-0.0131348,1.03129,0.198455,0
117,-0.47045,-0.0101646,-0.361543,-0.0185839,-0.325656,-0.0131347,0.966798,0.212422,0
118,-0.435209,-0.0282235,-0.455635,-0.0184162,-0.325656,-0.0131347,1.03172,0.202935,0
119,-0.433056,-0.0143513,-0.440613,-0.0258831,-0.325656,-0.0131348,1.00772,0.204147,0
120,-0.450464,-0.0258525,-0.386521,-0.0238032,-0.325656,-0.0131346,1.05278,0.202847,0
121,-0.362542,-0.0117453,-0.395819,-0.0327618,-0.325656,-0.0131347,1.04587,0.206682,0
122,-0.384747,-0.0226675,-0.463885,-0.0290215,-0.325656,-0.0131346,1.04136,0.201322,0
123,-0.400521,-0.0305599,-0.452453,-0.0167664,-0.325656,-0.0131347,0.997009,0.200467,0
124,-0.428981,-0.0262562,-0.418767,-0.0259597,-0.325656,-0.0131346,0.999764,0.207867,0
125,0.459959,0.0340624,0.470575,0.0221514,0.58383,0.0497319,0.948635,0.19346,0
126,-0.445813,-0.0214453,-0.396785,-0.0261293,-0.325656,-0.0131348,0.976325,0.205656,0
127,2.23506,0.137204,2.20659,0.16051,2.26619,0.168794,0.799811,0.157719,0
128,-0.412218,-0.0310135,-0.46643,-0.0262578,-0.325656,-0.0131348,1.04898,0.200835,0
129,1.03113,0.156472,0.987806,0.152034,1.17462,0.177534,0.85696,0.182654,0
130,-0.497655,-0.00849654,-0.369412,-0.0201375,-0.325656,-0.0131347,1.02959,0.203679,0
131,-0.534872,-0.0399445,-0.461296,-0.00664783,-0.325656,-0.0131347,0.995832,0.203417,0
132,-0.426311,-0.0182254,-0.447021,-0.0319986,-0.325656,-0.0131347,1.00863,0.205469,0
133,-0.413866,-0.0326068,-0.456182,-0.0125422,-0.325655,-0.0131347,1.03966,0.205391,0
134,0.436241,0.0318249,0.454391,0.0270694,0.58383,0.049732,0.897401,0.189149,0
135,1.91917,-0.0053293,2.04419,-0.0158256,1.96745,0.0184542,0.831864,0.182018,0
136,-0.44076,-0.0340265,-0.409198,-0.0434818,-0.325656,-0.0131347,0.951452,0.210609,0
137,-0.453049,-0.0238964,-0.44116,-0.0251902,-0.325655,-0.0131347,1.02293,0.20613,0
138,-0.382791,-0.0171856,-0.384472,-0.0101397,-0.296214,-0.00975451,0.996158,0.199946,1
139,0.579058,0.00474139,0.494721,0.0109489,0.665102,0.0178901,0.906057,0.199673,1
140,-0.43299,-0.0122613,-0.4409,-0.0323369,-0.296214,-0.00975463,1.02628,0.201897,1
141,-0.417381,-0.0066054,-0.419371,-0.0199836,-0.296214,-0.00975469,1.02858,0.208291,1
142,1.30737,0.0170869,1.36523,0.0175097,1.42676,0.0340308,0.902697,0.20371,1
143,0.566307,-0.0425901,0.658984,-0.0371081,0.684007,-0.0238354,0.959361,0.207498,1
144,-0.456379,-0.015276,-0.419168,-0.0115849,-0.296214,-0.00975458,1.04128,0.213266,1
145,0.514658,0.0862142,0.481228,0.0841038,0.622589,0.10013,0.922418,0.205396,1
146,1.35877,-0.0284349,1.35978,-0.0196663,1.45485,-0.0056923,0.890444,0.201163,1
147,0.561313,-0.0304403,0.526468,-0.0349967,0.684007,-0.0238354,0.946455,0.193725,1
148,0.597946,-0.0386409,0.545207,-0.0246004,0.684007,-0.0238354,0.984231,0.199427,1
149,-0.374048,-0.00835351,-0.45772,-0.0178659,-0.296214,-0.00975458,1.0205,0.215789,1
150,-0.37331,-0.00882929,-0.328799,-0.0210179,-0.296214,-0.00975466,0.985203,0.204179,1
151,-0.396516,-0.0173845,-0.277249,-0.0260067,-0.296214,-0.00975464,1.04793,0.19977,1
152,0.555333,-0.0357299,0.594589,-0.0221313,0.684007,-0.0238354,0.903566,0.19527,1
153,-0.468484,-0.0232615,-0.363994,-0.0117903,-0.296214,-0.0097546,1.01375,0.20599,1
154,-0.4289,-0.0183542,-0.364631,-0.0115516,-0.296214,-0.00975454,0.980463,0.197818,1
155,-0.412648,-0.0131443,-0.392797,-0.00611834,-0.296214,-0.0097546,1.00283,0.198747,1
156,0.581296,-0.0348057,0.586396,-0.0357645,0.684007,-0.0238354,0.918108,0.208484,1
157,-0.44847,-0.0156882,-0.350017,-0.00684676,-0.296214,-0.00975443,0.993368,0.198616,1
158,-0.344676,-0.00726937,-0.416957,-0.0204001,-0.296214,-0.00975463,0.992884,0.215483,1
159,-0.32935,-0.0253354,-0.435534,-0.0130363,-0.296214,-0.00975456,1.00103,0.203,1
160,-0.402381,-0.0120889,-0.408451,-0.0144651,-0.296214,-0.00975479,0.991776,0.207563,1
161,2.01153,0.0562829,1.9389,0.0391762,2.0297,0.0761181,0.844001,0.197616,1
162,0.55867,0.0506216,0.558914,0.0417346,0.644687,0.0592387,0.927469,0.195729,1
163,1.33917,-0.00902244,1.42385,-0.0217089,1.45485,-0.00569228,0.908537,0.200229,1
164,-0.388253,-0.0318974,-0.397924,-0.0261117,-0.296213,-0.00975464,1.01902,0.221037,1
165,-0.34437,-0.00305811,-0.362752,-0.0109657,-0.296214,-0.00975475,0.99613,0.211979,1
166,-0.485578,-0.0237127,-0.384817,-0.0157707,-0.296214,-0.00975462,1.02439,0.21393,1
167,-0.412613,-0.0160975,-0.341601,-0.0265065,-0.296214,-0.00975452,0.974264,0.209065,1
168,0.615185,-0.0292879,0.569334,-0.0153571,0.684007,-0.0238353,0.977123,0.202769,1
169,-0.410594,-0.00959536,-0.490913,-0.0130518,-0.296213,-0.00975479,1.03607,0.205139,1
170,-0.427704,-0.0252788,-0.346631,-0.0225223,-0.296214,-0.00975461,1.00569,0.195776,1
171,-0.363656,-0.00928505,-0.40385,0.000247665,-0.296214,-0.00975473,1.01414,0.19184,1
172,-0.332433,-0.0238534,-0.400515,-0.0166957,-0.296214,-0.00975458,0.995465,0.199188,1
173,1.12269,0.227542,1.15855,0.232566,1.2196,0.255669,0.847329,0.177372,1
174,-0.311472,-0.025711,-0.442958,-0.0251946,-0.296214,-0.00975449,1.05433,0.207327,1
175,-0.496445,-0.00737021,-0.469884,-0.0148239,-0.296214,-0.00975459,1.02417,0.205247,1
176,-0.416678,-0.0165435,-0.391113,-0.0128243,-0.296214,-0.00975476,0.997006,0.191068,1
177,0.521691,-0.0270067,0.54707,-0.0426296,0.684007,-0.0238355,0.948219,0.217612,1
178,-0.426709,-0.0159854,-0.475672,-0.0124709,-0.296214,-0.00975454,1.01249,0.201865,1
179,1.34593,-0.0214581,1.43638,-0.0298365,1.45485,-0.00569223,0.847641,0.193516,1
180,0.591414,0.00932224,0.523479,0.0146252,0.665103,0.0178901,0.91873,0.204707,1
181,-0.468072,-0.0162306,-0.363956,-0.00942321,-0.296214,-0.00975457,0.981786,0.202433,1
182,0.571593,-0.0442234,0.500097,-0.0445801,0.684007,-0.0238355,0.950264,0.209312,1
183,2.03773,0.0613635,1.94248,0.0518546,2.0297,0.0761184,0.850278,0.186574,1
184,2.031,0.0217424,2.01062,0.0391006,2.06714,0.0394025,0.802192,0.192646,1
185,-0.419612,-0.0194988,-0.439074,-0.024489,-0.296213,-0.0097546,1.03728,0.211155,1
186,-0.425332,-0.00957872,-0.402892,-0.0134697,-0.296214,-0.00975467,1.08412,0.205761,1
187,-0.386749,-0.0111638,-0.445797,-0.0298709,-0.296214,-0.00975452,1.05442,0.201771,1
188,0.517471,0.04274,0.518085,0.0339592,0.644687,0.0592388,0.947238,0.199539,1
189,0.559915,0.0512494,0.509974,0.0498122,0.644687,0.0592386,0.969736,0.196351,1
190,-0.404303,-0.0163719,-0.441263,-0.0159408,-0.296214,-0.00975472,1.1014,0.195644,1
191,-0.468071,-0.00698471,-0.442259,-0.0132445,-0.296214,-0.00975467,1.00942,0.203246,1
192,-0.409567,-0.0193218,-0.386805,-0.0140075,-0.296214,-0.0097546,0.998117,0.207261,1
193,-0.419085,0.000202688,-0.408865,-0.0132599,-0.296214,-0.00975459,1.04869,0.205523,1
194,-0.404166,-0.0089,-0.406673,-0.0160904,-0.296214,-0.00975459,1.01924,0.206214,1
195,-0.389514,-0.0125507,-0.409156,-0.0345287,-0.296214,-0.00975474,1.04224,0.202179,1
196,-0.442634,-0.00951395,-0.374492,-0.00908855,-0.296214,-0.00975468,1.02142,0.209298,1
197,0.587802,0.00190122,0.565908,0.00430171,0.665102,0.01789,0.928888,0.199812,1
198,-0.411394,-0.0123806,-0.412149,-0.013345,-0.296214,-0.00975462,1.02995,0.203162,1
199,0.495259,0.0578525,0.503453,0.0425866,0.644687,0.0592389,0.967563,0.207831,1
200,-0.406045,-0.0245362,-0.361925,-0.0200912,-0.296214,-0.00975456,1.02395,0.203906,1
201,-0.335912,-0.0183816,-0.424873,-0.0110096,-0.296214,-0.00975467,0.99733,0.209705,1
202,-0.419484,-0.0230762,-0.357757,-0.0158075,-0.296214,-0.00975463,1.03548,0.191884,1
203,0.53093,-0.00528668,0.525907,0.0137434,0.665103,0.0178899,0.934142,0.19133,1
204,0.464731,0.0806689,0.557484,0.0861829,0.622589,0.10013,0.944052,0.194268,1
205,-0.333999,-0.018436,-0.43236,-0.00340729,-0.296214,-0.00975472,1.04547,0.201114,1
206,-0.383365,-0.013723,-0.362167,-0.0198944,-0.296214,-0.00975463,1.0563,0.202501,1
207,0.608661,0.00193157,0.583852,0.00103912,0.665103,0.01789,0.921157,0.197893,1
208,-0.449158,-0.00553608,-0.346552,-0.0263369,-0.296214,-0.00975448,1.04662,0.205654,1
209,-0.419714,-0.0153231,-0.397754,-0.00998983,-0.296214,-0.00975468,1.06608,0.205465,1
210,-0.451221,-0.0151403,-0.465321,-0.0297081,-0.296214,-0.0097547,1.01302,0.199071,1
211,-0.413613,-0.0175175,-0.427697,-0.0253109,-0.296214,-0.00975461,1.01034,0.204227,1
212,-0.385468,-0.0104203,-0.416004,-0.0224763,-0.296214,-0.00975465,0.985279,0.208523,1
213,0.559157,-0.0525686,0.612407,-0.0376162,0.684008,-0.0238355,0.952902,0.210293,1
214,-0.393546,-0.0147426,-0.410727,-0.0240825,-0.296214,-0.00975476,1.0782,0.198822,1
215,-0.389069,-0.0195171,-0.451856,-0.0113963,-0.296214,-0.00975467,1.06932,0.215666,1
216,-0.392424,-0.0150436,-0.374663,-0.00986446,-0.296214,-0.00975453,1.04431,0.20287,1
217,-0.472263,-0.0251632,-0.443036,-0.0330543,-0.296214,-0.0097547,0.999945,0.202606,1
218,0.319161,0.252346,0.404133,0.261486,0.480004,0.293655,0.943469,0.181276,1
219,0.566581,0.0762537,0.520237,0.0763073,0.622589,0.10013,0.937344,0.19318,1
220,1.23985,0.139863,1.30407,0.112193,1.33204,0.149124,0.846271,0.194192,1
221,-0.332308,-0.00925804,-0.373331,-0.0108834,-0.296215,-0.00975469,1.00288,0.209043,1
222,-0.450073,-0.0134716,-0.354187,-0.020295,-0.296214,-0.00975468,1.05582,0.21031,1
223,-0.451583,-0.0321988,-0.40018,-0.0239362,-0.296214,-0.00975464,1.03854,0.193565,1
224,-0.398828,-0.0253794,-0.392345,-0.0121119,-0.296214,-0.00975454,1.02681,0.198283,1
225,-0.36556,-0.0190252,-0.453091,-0.00943589,-0.296214,-0.00975462,1.02345,0.19156,1
226,-0.48109,-0.0169911,-0.358128,-0.0154748,-0.296215,-0.00975466,1.00527,0.202196,1
227,-0.391435,-0.0257342,-0.386849,-0.00183445,-0.296214,-0.00975461,1.04451,0.20824,1
228,-0.323334,-0.0117455,-0.395995,-0.0308006,-0.296214,-0.00975454,1.02761,0.187881,1
229,0.578733,-0.0257265,0.583408,-0.0239145,0.684007,-0.0238354,0.936199,0.205251,1
230,-0.44466,-0.0296197,-0.445321,-0.0235193,-0.296214,-0.00975453,1.03094,0.217848,1
231,-0.388733,-0.0245349,-0.430582,-0.0141265,-0.296214,-0.0097547,1.02239,0.204801,1
232,0.588607,-0.0363815,0.643074,-0.0325946,0.684007,-0.0238355,0.94925,0.211891,1
233,-0.401978,-0.0162922,-0.366691,-0.00641976,-0.296214,-0.0097547,1.03444,0.201054,1
234,-0.32349,-0.0197157,-0.393003,-0.00888909,-0.296214,-0.00975471,0.990783,0.206167,1
235,-0.361111,-0.00560046,-0.468249,-0.0216687,-0.296214,-0.00975467,1.0076,0.210887,1
236,0.573093,-0.0315852,0.612068,-0.0568792,0.684008,-0.0238352,0.936745,0.206931,1
237,-0.397797,-0.0176444,-0.372065,-0.0309649,-0.296214,-0.00975443,1.02079,0.204431,1
238,-0.457175,-0.0169366,-0.413874,-0.0176647,-0.296214,-0.0097547,1.02201,0.206455,1
239,-0.4008,-0.0166923,-0.384538,-0.0170344,-0.296214,-0.00975464,0.968832,0.199692,1
240,-0.361954,-0.02051,-0.416793,-0.00875844,-0.296214,-0.00975462,1.01794,0.198111,1
241,-0.407877,-0.0267638,-0.40294,-0.0212815,-0.296214,-0.00975475,1.00247,0.206772,1
242,0.654541,-0.0364784,0.523915,-0.0309401,0.684007,-0.0238353,0.928494,0.198296,1
243,0.4546,0.083967,0.453842,0.083632,0.622589,0.10013,0.890213,0.195471,1
244,0.490297,0.0827976,0.408474,0.0975512,0.622589,0.10013,0.887912,0.203393,1
245,0.518645,-0.0439671,0.582237,-0.0405985,0.684007,-0.0238353,0.961001,0.212386,1
246,-0.386492,-0.0177976,-0.367649,-0.0108985,-0.296214,-0.00975465,1.00795,0.204533,1
247,-0.419182,-0.0154059,-0.371854,-0.00350143,-0.296214,-0.00975457,1.06347,0.191461,1
248,-0.401706,-0.0172236,-0.405271,-0.0090831,-0.296214,-0.0097546,1.08391,0.19857,1
249,-0.414584,-0.00301256,-0.371082,-0.0156586,-0.296214,-0.00975454,1.07613,0.194731,1
250,-0.351662,-0.00948733,-0.455777,-0.0193713,-0.296214,-0.00975471,1.04254,0.20291,1
251,-0.408392,-0.0218308,-0.384689,-0.00951134,-0.296214,-0.00975476,0.994233,0.20859,1
252,-0.33513,-0.0135075,-0.381184,-0.0276006,-0.296214,-0.00975454,1.00395,0.198725,1
253,-0.339394,-0.00341627,-0.420533,-0.00810416,-0.296214,-0.00975472,1.05006,0.200578,1
254,0.500938,0.0487741,0.522009,0.0504657,0.644687,0.0592389,0.914561,0.198932,1
255,0.484182,0.0853201,0.43176,0.083894,0.622589,0.10013,0.963575,0.197875,1
256,-0.41812,-0.0221676,-0.439893,-0.0265321,-0.296214,-0.00975454,1.05062,0.210707,1
257,-0.410287,-0.0127959,-0.486358,-0.0213611,-0.296214,-0.00975471,1.05464,0.196869,1
258,0.512074,0.0244265,0.525513,0.0367364,0.644687,0.0592389,0.898225,0.185341,1
259,-0.459172,-0.013429,-0.388114,0.00250345,-0.296214,-0.00975458,1.01595,0.203345,1
260,0.566804,0.0769182,0.491363,0.0832578,0.622589,0.10013,0.969821,0.199991,1
261,-0.363986,-0.0206249,-0.418841,-0.0116063,-0.296215,-0.00975465,1.01475,0.204147,1
262,-0.343332,-0.0124304,-0.387647,-0.0184346,-0.296214,-0.00975456,0.986718,0.202776,1
263,-0.389395,-0.0130707,-0.373813,-0.0247044,-0.296214,-0.00975456,1.01269,0.207051,1
264,-0.445266,-0.0173466,-0.399623,-0.0134495,-0.296215,-0.00975461,1.05063,0.202468,1
265,-0.407633,-0.0153855,-0.440876,-0.00793637,-0.296214,-0.00975459,1.00378,0.200097,1
266,-0.417568,-0.0123653,-0.436525,-0.0133478,-0.296214,-0.00975467,1.02853,0.216791,1
267,0.56192,0.0112805,0.569601,0.0080954,0.665103,0.0178898,0.922383,0.19931,1
268,0.55753,-0.0323751,0.601249,-0.0458317,0.684007,-0.0238353,0.913987,0.201326,1
269,-0.443105,-0.0250091,-0.365959,-0.0177767,-0.296214,-0.00975459,1.02765,0.206022,1
270,-0.434939,-0.0141226,-0.36832,-0.00832476,-0.296214,-0.00975459,0.976813,0.197423,1
271,0.587315,-0.00116543,0.542105,0.00516145,0.665102,0.0178899,0.921599,0.206178,1
272,-0.410456,-0.0216167,-0.460028,-0.0155094,-0.296214,-0.0097547,1.04835,0.215605,1
273,1.43834,0.374005,1.41451,0.39529,1.52293,0.406566,0.797633,0.16238,1
274,-0.410172,-0.0110506,-0.39928,-0.00537329,-0.296214,-0.00975469,1.03093,0.203087,1
