rep,id,eta_th1,eta_th2,treatment
1,1,-0.186240726130173,-0.0919992070791331,0
2,1,-1.06995592844526,0.0802963740426964,0
3,1,-0.854669665382677,-0.248587772954854,0
1,2,-0.2212438876473,0.158810373906372,0
2,2,1.1827589742323,0.253572824608629,0
3,2,0.266067973026562,-0.101047562393991,0
1,3,2.02023838226417,0.154085514528897,0
2,3,2.86791124700909,0.0495838797456343,0
3,3,1.9071021419726,-0.343355484371527,0
1,4,-1.20563173615594,0.262077592528271,0
2,4,-1.23231222445656,0.212678038500435,0
3,4,-0.0323806899358615,-0.177516429314026,0
1,5,1.37384919568177,-0.0588066905853572,0
2,5,0.573030621539823,-0.394563660166881,0
3,5,1.79522344021968,-0.0425369152836009,0
1,6,1.17133672249668,-0.112897662290951,0
2,6,1.35844187510976,0.0989322811652648,0
3,6,0.84486052118925,-0.00369422992655097,0
1,7,0.248572671026421,-0.129230521261759,0
2,7,1.64386379184071,0.253630790421477,0
3,7,0.371096800094566,0.123991321654436,0
1,8,0.14668332968693,-0.188018288773935,0
2,8,-0.501318146401257,0.294581224442666,0
3,8,-0.0127149195933331,-0.225881825088688,0
1,9,0.602387016873264,0.125992719012652,0
2,9,0.743969470192071,-0.218918578290719,0
3,9,0.747651483485433,-0.209457612340155,0
1,10,0.638521275475599,-0.0465336233003863,0
2,10,-0.677874876432989,-0.0772630543443522,0
3,10,0.87600073035117,-0.224242014277467,0
1,11,-2.03276581163194,-0.200842597375679,0
2,11,-1.17066086153021,-0.248987597832526,0
3,11,-1.63513596017368,0.136821177157968,0
1,12,-0.129784299980708,0.0140492322776301,0
2,12,-0.155900389094756,0.261819421628561,0
3,12,-0.208558408595933,0.054459219316307,0
1,13,1.00769943862754,0.193907655944678,0
2,13,-1.50343452326978,-0.537919587981595,0
3,13,1.23737533700372,0.0894100498840696,0
1,14,-1.11066058198826,0.228023059803122,0
2,14,-1.19193196737477,-0.0832357834223832,0
3,14,-1.82952757828457,0.0419764475494416,0
1,15,1.54509371598234,0.0268117465375474,0
2,15,-0.148581814125885,0.186960743435401,0
3,15,0.75872648477693,-0.0288646734449671,0
1,16,1.91325365700135,-0.376924176657024,0
2,16,0.0182720547424193,0.362057501579135,0
3,16,0.0675404070082093,-0.245833565965378,0
1,17,2.36484033118348,-0.26960591348807,0
2,17,1.51995134485325,0.372169967525681,0
3,17,1.83860162337851,-0.129228355277339,0
1,18,0.3379524573283,0.129032732429238,0
2,18,0.981929551417439,0.106516259891424,0
3,18,1.03720323468731,-0.168178315021564,0
1,19,0.705168662181852,0.414492128181724,0
2,19,-0.52255490795907,-0.35143861284553,0
3,19,0.31946415281498,-0.282748762354205,0
1,20,-0.659772350742975,-0.373320261021938,0
2,20,0.815302235106207,-0.401780064045907,0
3,20,-0.663335520368562,-0.0720673187203268,0
1,21,0.776277540372309,-0.151807363372511,0
2,21,-0.482084412030701,-0.194759244957816,0
3,21,-0.475844551318383,0.104997402746939,0
1,22,-1.35887802454976,0.0658025941635952,0
2,22,-1.90955093654569,0.312014692247274,0
3,22,1.5424842685745,-0.065975100133,0
1,23,1.10221866892269,0.284758827722379,0
2,23,0.636058867602935,-0.158431739008124,0
3,23,-0.716198145784138,-0.132343320738702,0
1,24,0.90269915268391,-0.0741886671655387,0
2,24,-0.842302076820988,0.101549386099058,0
3,24,-2.05286097431307,-0.501518665634443,0
1,25,-0.194873435972527,0.234105896892952,0
2,25,0.570043222976823,0.345837053843836,0
3,25,2.43266130047058,0.0277277639376858,0
1,26,1.4122822117828,-0.123045179854017,0
2,26,-0.373293931160306,-0.040856082153411,0
3,26,-1.18933137139155,-0.078685075990388,0
1,27,1.75542283793287,-0.142865999690229,0
2,27,1.10391618108525,0.147649806054868,0
3,27,1.40011506648902,0.20958978023281,0
1,28,-0.973512162350181,0.061687165500947,0
2,28,0.780245592210328,-0.0254231560008109,0
3,28,-0.303172727173396,-0.250316053398021,0
1,29,-0.874774048995876,0.282006371355017,0
2,29,-0.661071384878085,-0.16098224155402,0
3,29,-0.959867776005118,-0.142711703513589,0
1,30,-0.105347535632361,-0.107333982388891,0
2,30,-1.41495561174689,-0.0220215350381272,0
3,30,0.563983288461498,0.0634952374902765,0
1,31,-0.979777619725865,-0.0413745703808499,0
2,31,0.71757032013035,0.00967359365152512,0
3,31,-1.50706248476494,0.0704218596526686,0
1,32,0.710995868964606,-0.173095786665053,0
2,32,-0.262545121861025,0.143299950826118,0
3,32,-0.771118142910198,0.284441327623487,0
1,33,1.30318607625628,-0.0204412530358408,0
2,33,0.679060914364876,0.337104289534847,0
3,33,0.00567648551264865,0.214696605072531,0
1,34,-0.972816061725748,0.194315192274359,0
2,34,-0.0996954310505724,0.12186757331985,0
3,34,0.103012784840425,0.558955659822391,0
1,35,-2.23534783762874,-0.206107118739059,0
2,35,-0.889553929572773,0.421587641210049,0
3,35,-0.393868648072612,-0.172998338393618,0
1,36,1.08905710795613,-0.0153738990970833,0
2,36,0.916443143699227,-0.131192201271129,0
3,36,-1.94890948364488,0.0540614962495292,0
1,37,-0.396809666172096,-0.0718540591111896,0
2,37,-0.772057036978205,-0.0368096136278567,0
3,37,0.811157173300829,-0.0144676811527002,0
1,38,0.837948388306859,-0.275241543853396,0
2,38,-0.714154302915854,-0.117109445106876,0
3,38,-0.778616965930169,0.0767167102886797,0
1,39,0.580295265049984,-0.352486183721133,0
2,39,-0.644337823982761,-0.339675865202179,0
3,39,-0.624736819383596,-0.106915538621967,0
1,40,-3.89907032370576,-0.284390157163476,0
2,40,-2.73179247007779,-0.0191600388328788,0
3,40,-0.239783433159895,0.0857891630426783,0
1,41,-0.803733773065861,-0.058593278349494,0
2,41,-1.70697675148248,0.250083413799751,0
3,41,0.693462273871192,-0.0129996396501612,0
1,42,1.94048910231085,0.0518508013441715,0
2,42,1.43765044071285,-0.346425583427953,0
3,42,-1.38557028515271,0.0452946788098295,0
1,43,0.236664286329606,0.00961643324841213,0
2,43,-0.353649342508227,0.0681245762936039,0
3,43,1.59584718174437,-0.0802908311440203,0
1,44,-0.0877876127808486,-0.227078488887384,0
2,44,-0.331053584767906,-0.186413507319293,0
3,44,-1.49395767331734,-0.158033934752962,0
1,45,0.0954242947749081,0.326314805101963,0
2,45,1.13009754621244,0.332994242374026,0
3,45,1.27391402893751,0.370582857295514,0
1,46,1.65944152256289,-0.198101231488848,0
2,46,-0.871741333814666,-0.3087445429606,0
3,46,-0.261566535558175,0.283205135513966,0
1,47,-3.0726942065615,-0.644303583107217,0
2,47,-1.90741680084563,-0.372692592385893,0
3,47,-0.806477345472424,0.100710214791728,0
1,48,-1.39333402849625,-0.357916544033925,0
2,48,0.519944918059251,0.0720104596207967,0
3,48,-0.26972429101063,0.139461373539084,0
1,49,1.11418541142662,-0.0261492249742253,0
2,49,-1.43869770426205,-0.116817205516137,0
3,49,-0.160981593889433,0.105778721096932,0
1,50,-1.59569875341846,-0.373821156769653,0
2,50,-2.15831097111177,-0.553165125246522,0
3,50,-0.4082040230716,0.359953376215295,0
1,51,0.537163199640824,-0.133541226436829,0
2,51,-1.00987393458094,-0.356746289659732,0
3,51,0.581208015363327,0.138463544897214,0
1,52,1.01083818603684,0.170456120452692,0
2,52,-0.23284610253701,0.198519883816406,0
3,52,0.712184645813711,-0.224440826741132,0
1,53,0.0518744705089016,-0.0434753747642088,0
2,53,0.764483306867677,0.288886228640082,0
3,53,0.555989065137513,-0.166915485640288,0
1,54,0.728535727340225,0.00854523429878936,0
2,54,0.0287312037205994,0.0749915472908496,0
3,54,-0.664847660546386,0.14196269363357,0
1,55,-0.359770481684644,0.0227136751960057,0
2,55,-0.569935947235148,-0.207250147257088,0
3,55,0.666505106181606,0.0969333146762528,0
1,56,0.213017313099621,-0.232900021689507,0
2,56,0.632309131884958,0.114317732617174,0
3,56,-1.56362435675127,-0.244259041442887,0
1,57,-0.241051970219222,-0.0684215711493256,0
2,57,0.980748463208122,0.212855615497399,0
3,57,-0.281904359902693,0.127628674900305,0
1,58,0.448992188315212,-0.347142449926586,0
2,58,-0.269934748294808,0.0451026534961414,0
3,58,0.291764146299614,-0.0125637263208314,0
1,59,1.72854435700709,-6.57402505468835e-05,0
2,59,0.621376719158621,0.130289677348708,0
3,59,-0.0815496212190001,-0.0405628853308902,0
1,60,-0.730933517634021,-0.318049058852561,0
2,60,-0.718213506961616,0.163660820976715,0
3,60,0.259696506207576,0.0330855254388774,0
1,61,1.2068667070794,-0.0693195795134756,0
2,61,1.87672424892251,0.0308375317725461,0
3,61,1.58348720570015,0.0379527795685945,0
1,62,2.10834896087622,-0.0743666261913509,0
2,62,2.94864546873474,0.157407759923348,0
3,62,1.43926480011449,0.353034612079558,0
1,63,-0.0279556828808358,0.255289571129128,0
2,63,-0.575390725213537,-0.0352126421948555,0
3,63,-0.472282485932167,-0.0133543515685321,0
1,64,-0.454770961120154,0.19286475106868,0
2,64,-0.854008161663312,-0.0376129734774996,0
3,64,-0.110465762066719,0.28119632301163,0
1,65,-0.826042375557122,-0.163066929937179,0
2,65,1.4918223944802,-0.0906747670381088,0
3,65,-3.34389076197138,-0.266530136668507,0
1,66,0.942618535375451,-0.255365388825594,0
2,66,-0.743180159935328,0.0463519583279704,0
3,66,0.413910075061255,0.11688242111925,0
1,67,1.89601005059034,-0.0816262880608594,0
2,67,-0.424663041105286,-0.0500104461558546,0
3,67,-0.169292255464487,0.245531507131927,0
1,68,-0.874095632200604,-0.100882275226414,0
2,68,0.581705797078066,-0.290028931329924,0
3,68,-0.809128369389661,-0.0287028216942923,0
1,69,-0.0414186404703984,0.0152545383499217,0
2,69,-0.083005754872713,-0.0961315214772207,0
3,69,0.382680865874024,0.220518315769008,0
1,70,-0.519296194689978,-0.035884425480651,0
2,70,-0.038441562028055,-0.234356367093573,0
3,70,-2.4690471204367,0.107934717394436,0
1,71,-0.181909020231578,0.260968192774976,0
2,71,1.21361929595568,-0.257802415805574,0
3,71,-0.0928850347190069,-0.168319494477824,0
1,72,-0.441204122756431,-0.169446370756047,0
2,72,1.07832920765021,-0.0719222832683492,0
3,72,-0.184767666290504,0.00048478105131285,0
1,73,-1.81797201706305,0.107148889030718,0
2,73,-1.04442992028957,0.00498905813218463,0
3,73,-0.0306015534296751,0.184371442973979,0
1,74,0.981359364467846,-0.428337608741425,0
2,74,0.713819215824088,-0.111842312329433,0
3,74,1.01296671274182,-0.0676077566800837,0
1,75,0.847431269940253,-0.535619107444303,0
2,75,0.466754741552963,0.201785287244421,0
3,75,0.849387047972942,-0.368553852307643,0
1,76,0.233690407741897,0.181277326134253,0
2,76,2.58290857865489,-0.25486966281113,0
3,76,0.644102542753813,0.140554520425553,0
1,77,-1.04509200046709,0.176975455090284,0
2,77,-0.820653511195466,-0.0905675435628346,0
3,77,-0.470703683081714,0.097724449463945,0
1,78,-0.774383348982425,0.0936701587521632,0
2,78,0.178846484320171,-0.123263845810873,0
3,78,-0.717890485061279,-0.162774071055234,0
1,79,-1.70876990255873,0.133487184977893,0
2,79,-0.270840115836391,0.0590994181221871,0
3,79,-3.20185651885933,-0.195522096968011,0
1,80,-3.24094836443757,-0.346560297405278,0
2,80,-0.667328588225367,-0.0496871788191234,0
3,80,-1.06619249227839,0.140198192890401,0
1,81,-1.65406607383409,-0.00931653066630106,0
2,81,-0.955053000883199,-0.123082395809229,0
3,81,1.42295368568676,0.169224496836654,0
1,82,-0.592355096828397,-0.256892493500138,0
2,82,2.12990490714803,-0.222718649883308,0
3,82,0.842395034087544,0.0867571281237935,0
1,83,0.0143203775846352,-0.176465413745372,0
2,83,2.16405615883464,-0.116608726473083,0
3,83,1.29602664498885,0.101886686462151,0
1,84,0.00615729507505058,0.0823930326206672,0
2,84,-0.311085491309341,-0.121987574751483,0
3,84,0.364794759529837,0.00421874905097515,0
1,85,0.524464769753779,-0.0714700987158872,0
2,85,0.405223703770801,0.0745736405176895,0
3,85,-2.35456107361636,-0.0382829464845373,0
1,86,0.239527460580091,-0.0216341655126883,0
2,86,0.732068776696817,-0.132085407464213,0
3,86,-0.313732647139127,0.504336024675679,0
1,87,-0.379987549819884,0.072372123415289,0
2,87,-0.0180655501784412,-0.123913391371818,0
3,87,-1.11212586575665,0.129044366209442,0
1,88,0.382534078703028,-0.0985072378904967,0
2,88,0.734748056532289,-0.3222459631677,0
3,88,3.25333611068151,0.00355767974769355,0
1,89,0.133642655862815,-0.266549702805138,0
2,89,0.0851603409278134,0.175646006027656,0
3,89,-0.108273648009359,-0.269794195131675,0
1,90,-1.34648523128619,0.204978310941773,0
2,90,-2.12951461848966,-0.107250834284348,0
3,90,2.44914545898193,0.00165352004321601,0
1,91,0.493642431557608,-0.382506420825212,0
2,91,-1.50368221410478,-0.260120297189057,0
3,91,-2.1282070678603,0.0902635623494948,0
1,92,-0.142162676256146,-0.485999580218277,0
2,92,-0.0612822156265751,-0.0367950346999456,0
3,92,-1.37672898114038,0.0466626201608488,0
1,93,-0.0351652960159388,-0.206304420823746,0
2,93,-0.378135871764123,0.131074950793471,0
3,93,0.852855033983738,-0.0653835757871133,0
1,94,-0.548884222045371,-0.152410563350428,0
2,94,-0.362678161917306,-0.170191336826232,0
3,94,1.15319641508091,-0.484077818214856,0
1,95,1.03444547915472,0.032349678360207,0
2,95,-1.1268288603722,-0.0835278265760734,0
3,95,0.469583116437987,0.101933342517484,0
1,96,0.759619590016638,0.362644122687618,0
2,96,1.9768890083051,0.21618145777369,0
3,96,1.01011775694472,0.173273963129532,0
1,97,-0.401603605195761,0.270350896417942,0
2,97,0.512850470892419,0.0901208590052097,0
3,97,-0.82660412056608,-0.166557546643037,0
1,98,0.820007170814934,-0.193049292898543,0
2,98,-0.157950443501145,0.0635796331796612,0
3,98,-1.61422030402035,0.524461841471251,0
1,99,2.43149326566901,-0.0837149144599731,0
2,99,1.67693203058706,0.265599480497594,0
3,99,1.58689505815613,-0.0999419951977564,0
1,100,1.48692555983489,0.591142727272501,0
2,100,-0.277895526145245,0.524217668774095,0
3,100,1.91153299943097,0.584196340751159,0
1,101,1.00862102202151,-0.0523283816047706,0
2,101,-0.882049910092101,-0.123084783655063,0
3,101,-0.409369578380804,0.0801339842783732,0
1,102,0.192271479725986,0.0547466478348808,0
2,102,-0.485331771971949,0.169016480417288,0
3,102,-0.821150553525465,0.113766537668159,0
1,103,0.953663589334792,-0.135139124417305,0
2,103,-0.141388632969645,-0.0572814999178144,0
3,103,0.0781867868846606,-0.0356335532199183,0
1,104,0.0438247602743511,-0.119835862989567,0
2,104,-0.579731631283988,-0.0878893630719317,0
3,104,-0.766881344530231,0.222414803327017,0
1,105,0.745208574221844,-0.273490614813791,0
2,105,2.01804634934541,0.0641215807935484,0
3,105,1.93676379817189,0.156371688209319,0
1,106,0.608308831182589,-0.312949915941016,0
2,106,1.69320092882589,0.296286334828753,0
3,106,1.20746854137193,-0.0346337404382126,0
1,107,1.79476037552405,0.16306213175004,0
2,107,1.58203990244402,0.171409956332473,0
3,107,0.347246255696248,-0.214495968669155,0
1,108,1.07084888574164,0.082935737206139,0
2,108,-1.86613117612468,0.308031996555525,0
3,108,-0.333507031441998,0.387254066998605,0
1,109,-1.44068873019976,-0.0223366025043758,0
2,109,-1.84904052646265,-0.169392583847302,0
3,109,-1.6349018596906,0.100132479721772,0
1,110,0.48582624121617,0.000693785879062214,0
2,110,-0.237643395252016,0.215812048451419,0
3,110,0.877035994761842,0.138203148505709,0
1,111,-0.653313917696882,-0.203974133219404,0
2,111,-0.0891537072075834,0.202352619052953,0
3,111,-0.819922766228251,-0.20915132667993,0
1,112,0.999239146788624,-0.242647069186068,0
2,112,-0.230576251942483,0.214307168543513,0
3,112,-0.917649570671587,0.083102537982061,0
1,113,1.22918198378111,-0.0400342443756902,0
2,113,-0.232048312781035,-0.33813039937176,0
3,113,0.0847132250553048,-0.0131665810838141,0
1,114,-0.800214260432592,-0.0761483488054751,0
2,114,-0.533384116820943,0.061313848999565,0
3,114,0.23710478610534,-0.320825485797374,0
1,115,-0.462586285465268,-0.194761789856238,0
2,115,1.45842142663024,0.132897183954311,0
3,115,1.56517875275691,-0.226965254472439,0
1,116,0.33603758683666,-0.0309354943903783,0
2,116,-0.452246364856664,0.275724670650544,0
3,116,-2.03116588874617,-0.0343232675415892,0
1,117,-0.961764499197469,0.066215530597286,0
2,117,1.15340235381302,-0.577988988237235,0
3,117,-0.276910463018719,-0.0923028948794324,0
1,118,-0.650049214432844,-0.0700147704183725,0
2,118,-1.0154514991709,-0.104876428307814,0
3,118,0.126040760003574,-0.175973876468031,0
1,119,-0.259081741339903,-0.481890953294312,0
2,119,-0.90946633962647,-0.0796206174132407,0
3,119,0.277660970348972,-0.00310045921180613,0
1,120,-0.418877882632013,0.0451133384629822,0
2,120,-0.895458920596574,-0.0362628807735169,0
3,120,0.25360758158435,0.478239303895358,0
1,121,0.835884413573683,-0.27794381276599,0
2,121,0.34976660305829,0.0587290006234121,0
3,121,0.378717435825069,0.238114421017575,0
1,122,2.07849165730763,-0.196274115873779,0
2,122,-1.9783857924179,-0.294259871630277,0
3,122,0.876436380377153,-0.204502239576214,0
1,123,-1.53131331496967,0.0826785124582599,0
2,123,0.700047137289379,0.223708208135383,0
3,123,-0.0318756490611737,0.0506164731097991,0
1,124,-0.157000516327108,-0.00996189101354821,0
2,124,0.82528374398914,-0.0172314467020598,0
3,124,-3.41858862369378,-0.205537552597663,0
1,125,2.39418943014156,-0.0465597015689554,0
2,125,0.808578367823729,-0.334634374510898,0
3,125,-0.244416596960915,0.137373180949642,0
1,126,0.473612342987834,0.0702171710929413,0
2,126,0.549311407696455,-0.570147139050001,0
3,126,0.148946937811533,-0.0100490060931396,0
1,127,2.53530799861342,0.290531808856411,0
2,127,2.49548828687916,0.307489441126789,0
3,127,1.90642118710137,0.219019549380247,0
1,128,0.445973227314382,0.181565865338113,0
2,128,-0.51885858551177,-0.291195639691461,0
3,128,-1.04023580604058,0.170299513870307,0
1,129,1.6719519550037,0.225553309414496,0
2,129,-0.248861465146869,-0.116159644135514,0
3,129,0.235244241776807,0.353107822294161,0
1,130,-0.222936828368482,-0.217060736926001,0
2,130,-1.4324985600844,0.299400244906894,0
3,130,-0.802402705896831,-0.14326769577074,0
1,131,-2.27058017906408,-0.177643642772674,0
2,131,-1.26932893911213,-0.180507764260455,0
3,131,1.31699300807507,-0.141218413501017,0
1,132,-0.864876571137036,0.00927187377240266,0
2,132,-1.19555710904785,-0.298037986175744,0
3,132,0.804004480661052,-0.0508585278235879,0
1,133,0.99527567468806,0.120310344810487,0
2,133,-2.19702265494584,0.431462767973118,0
3,133,-0.346453348059792,-0.110499920447167,0
1,134,-0.142693036794629,-0.0778574893132765,0
2,134,-0.73476187350337,0.166664209264341,0
3,134,0.218849956207642,0.0111526850141323,0
1,135,1.12212970786579,0.0537294473963542,0
2,135,0.998053508337926,-0.315433285655753,0
3,135,2.01525235951411,0.412508545050064,0
1,136,1.68565199153984,-0.0547936606489286,0
2,136,-1.40098350744506,0.147384369005616,0
3,136,-0.291502241816015,-0.360338409939107,0
1,137,-2.46093630871044,-0.141130519944566,0
2,137,0.199807671598698,-0.299067779662214,0
3,137,0.253420377279944,-0.0996315223388139,0
1,138,-1.11569960582625,-0.0748849621503766,1
2,138,0.650309291369484,0.0556583876707477,1
3,138,0.457187852020126,-0.0636821191839057,1
1,139,0.0297960666531481,-0.0241211776186634,1
2,139,1.97521393906017,-0.292130267128283,1
3,139,0.569943225930688,0.296050062752097,1
1,140,-1.28938064154423,-0.347488799620716,1
2,140,-0.374842755802722,-0.104549027316093,1
3,140,-0.516452737111037,0.0482080003028624,1
1,141,-0.476284869574987,0.202236550702334,1
2,141,-0.582475962736012,-0.120861412173821,1
3,141,-1.81292612512981,-0.166129958394702,1
1,142,1.38286494811646,-0.277961236181202,1
2,142,0.889752518523423,-0.121660775938636,1
3,142,1.88886358860398,-0.110529375873643,1
1,143,0.088091105708033,-0.287656567338173,1
2,143,0.594693625720599,0.116144685562046,1
3,143,1.21192878003565,0.227208207296162,1
1,144,0.789553904667977,0.0359441333422137,1
2,144,-1.45662262855209,0.329638187882408,1
3,144,0.166713279522759,0.357656825333714,1
1,145,1.54119091350192,0.215016258303814,1
2,145,0.443921153501104,0.277355947447911,1
3,145,0.43147923712041,0.328668076621302,1
1,146,1.88079441866033,0.256175424184118,1
2,146,1.01987818837914,0.173497225291128,1
3,146,2.24429076144859,0.202129714799476,1
1,147,1.90049512017293,0.146128902238129,1
2,147,0.582203637392794,-0.268775224296949,1
3,147,0.951735019553511,0.0653472138887891,1
1,148,0.64353028673133,0.0903521624256844,1
2,148,-0.777636951349279,0.00295496430674352,1
3,148,0.593985048742759,0.0914712453148441,1
1,149,0.156291580905018,0.112639433799374,1
2,149,-3.13759432338398,-0.225462114496595,1
3,149,-1.70603952656647,0.011013678953044,1
1,150,-0.0672744598621089,0.0501774692418529,1
2,150,-0.0550305132741336,-0.340118233169958,1
3,150,-0.108760916542118,0.382910749326842,1
1,151,0.357015284182888,-0.0534539085758388,1
2,151,-0.212727848319362,0.0353147597291759,1
3,151,-0.492258425997137,-0.121801836244753,1
1,152,-0.692765501203107,-0.0313079698692774,1
2,152,0.784682482685978,0.0035115721081853,1
3,152,-1.30565508628612,-0.382300635311017,1
1,153,-0.24964608159853,-0.0773595852343157,1
2,153,-1.63825256058531,-0.312436343296004,1
3,153,-0.00762740112988247,-0.207586722462912,1
1,154,-0.420084723034744,0.0486069726172558,1
2,154,-1.13289161590536,-0.0685124609404976,1
3,154,0.605134771607339,-0.214531328282278,1
1,155,-2.27650759161057,-0.363437848572378,1
2,155,-1.67899022875594,-0.0504197191111274,1
3,155,0.439290508944915,-0.125591194206251,1
1,156,2.73625965062402,0.00456906223523351,1
2,156,1.63640005399599,-0.271064934333629,1
3,156,1.17204574230966,-0.0296113689123021,1
1,157,-0.682924879009016,0.101127461035639,1
2,157,-0.420595019494248,0.00197974479486224,1
3,157,0.00273199304715396,0.184217992883837,1
1,158,-2.05731846589108,-0.492579384646666,1
2,158,0.425445797324431,-0.0373347366077606,1
3,158,1.15341138219431,0.116345926594047,1
1,159,-2.12800611714089,-0.0939212692544206,1
2,159,-0.440650879379095,0.0949649256410185,1
3,159,-0.0769236294539905,0.0823843559271084,1
1,160,1.92238677481087,-0.157982046472241,1
2,160,-0.470337462625427,0.105591633435557,1
3,160,0.593182729938973,-0.457684062353413,1
1,161,0.990786130651395,0.2307131398925,1
2,161,2.3286660842145,-0.193542417805309,1
3,161,3.12253892431774,-0.0106905982612351,1
1,162,0.701196374496488,0.141427778655581,1
2,162,-0.445824794158795,0.224166996260486,1
3,162,1.49568577429483,0.135042366821708,1
1,163,2.86681693846893,0.05723770245529,1
2,163,1.17137531574932,0.221358878459062,1
3,163,1.78019596372722,0.0141848293338919,1
1,164,0.873720937898868,-0.125692915338256,1
2,164,1.33528741833615,-0.0484235139704555,1
3,164,0.11873739239153,-0.449364792383621,1
1,165,0.560271041523445,-0.208454045785765,1
2,165,-1.00212781115478,-0.108569502114504,1
3,165,-0.952641103714969,-0.22302006952375,1
1,166,0.80844318194206,-0.126400646202874,1
2,166,0.104041900240085,-0.0413707225669035,1
3,166,0.0693010477917857,-0.233699446964274,1
1,167,0.470473935383268,0.138825849659991,1
2,167,-0.15920794227778,0.0483161947854704,1
3,167,-0.10480497929324,0.0698365000608302,1
1,168,0.309316808307999,0.180117022951859,1
2,168,1.73704728419664,0.0185133343403137,1
3,168,-0.312178337037856,0.301308374454992,1
1,169,-0.356167753562285,-0.0717634112175498,1
2,169,0.921920313173907,-0.20702418694691,1
3,169,-0.308334054198088,0.0709950922038553,1
1,170,-0.150171747405522,0.00812688971654747,1
2,170,-3.51993720996849,-0.0581536493443557,1
3,170,0.16389907717013,-0.206492745626862,1
1,171,-2.01017143089267,-0.0548025191652222,1
2,171,-0.972661338243707,0.12662023323808,1
3,171,-1.83982214625414,-0.100728616111768,1
1,172,1.91621020839222,-0.217604560141976,1
2,172,-0.668421002981832,-0.29739142545299,1
3,172,-0.0365615291779418,0.341946466197031,1
1,173,2.34384751750378,0.168433405837737,1
2,173,0.100219345253718,0.254952767498726,1
3,173,0.928801161022641,0.162362732938514,1
1,174,-1.73480381225756,0.000742843527420267,1
2,174,-1.92199731534148,-0.346041047669515,1
3,174,1.03481976256911,0.0164081748070766,1
1,175,-1.37120246358457,0.142904207191542,1
2,175,-0.196242507055703,0.0267845757267312,1
3,175,1.06632585079314,-0.16856139434502,1
1,176,-0.314286755018553,0.020747978710042,1
2,176,0.716742127155844,-0.200645294414549,1
3,176,-1.31876142571128,0.223592981755483,1
1,177,0.745668837654124,-0.2751655230081,1
2,177,-0.086005150794501,-0.0854463517435982,1
3,177,-0.588701784040431,-0.324669476661961,1
1,178,0.242169791241809,0.16601417475998,1
2,178,1.22065759584112,0.0150936663922535,1
3,178,-0.133272044899365,0.168099618692787,1
1,179,1.0225732735487,-0.244774363821113,1
2,179,4.21901157337847,-0.444351031630708,1
3,179,2.79214915531327,-0.13546577104745,1
1,180,0.0577401085598769,0.0690220770647276,1
2,180,1.2381901793471,-0.048457734447656,1
3,180,1.28048879111797,-0.157681253358531,1
1,181,-3.69235398693611,-0.296611651491307,1
2,181,0.571318250625189,-0.0468101639613909,1
3,181,-1.43795641846012,-0.0950106086208261,1
1,182,0.724717038078549,0.18365805394604,1
2,182,0.23321650325569,-0.257630847962739,1
3,182,-0.220009266799922,-0.0296887704581127,1
1,183,1.58553553068588,-0.0243832291875068,1
2,183,1.29683060359455,-0.106223973138429,1
3,183,2.38739749309242,0.118426502550849,1
1,184,1.41964848203743,0.152473336736786,1
2,184,1.42177025305474,0.213951080729824,1
3,184,1.05530392795546,0.285460466867678,1
1,185,-0.742685197798503,-0.337810678717643,1
2,185,-0.759253483500406,0.169559020692993,1
3,185,-0.705134626797923,-0.195065446609386,1
1,186,-1.89358454145027,0.172954456645735,1
2,186,0.052422208880779,0.0987340693255577,1
3,186,0.470796791956964,-0.0587155712217974,1
1,187,-0.350873246591344,0.304890518787145,1
2,187,0.890108246828451,-0.274386066789895,1
3,187,-0.418394793532764,0.281602806342254,1
1,188,-1.85624878623941,-0.182356081336924,1
2,188,0.408808689119238,-0.270218034770151,1
3,188,0.721126761460113,-0.294805957685232,1
1,189,1.405055486358,0.113800057561539,1
2,189,-1.17417157712828,-0.218970973464971,1
3,189,0.920774337649267,-0.230542905351324,1
1,190,1.17157643879338,0.175972303603472,1
2,190,0.645873492450697,-0.407650268266713,1
3,190,-1.26893617198919,-0.137528882072732,1
1,191,-0.884718608739554,-0.0362648614526476,1
2,191,-0.932136976808402,-0.332167468453638,1
3,191,-1.7089846528831,0.215926019571764,1
1,192,-1.22266533068974,-0.30437647168363,1
2,192,0.477807759599971,-0.052144619093417,1
3,192,-0.738209495497488,0.0943039366008812,1
1,193,0.00230342379080684,-0.328996551119635,1
2,193,0.6474701701453,-0.298926437135283,1
3,193,-0.382048594966846,0.195073660672494,1
1,194,0.517514252331156,0.318520266600007,1
2,194,-0.954215964851074,0.128934766361707,1
3,194,0.286353335752574,0.00550194454379509,1
1,195,-0.791579540507151,0.098124230926131,1
2,195,2.2426853318788,-0.0887726712302448,1
3,195,0.556957020053666,-0.0641344845326375,1
1,196,-0.946857266405489,0.0511548138284875,1
2,196,-1.51039671717874,-0.103140584521071,1
3,196,-2.26564067534449,-0.0674222948372614,1
1,197,0.652710471320524,-0.0356142584530904,1
2,197,-1.33801676974871,0.121900681254396,1
3,197,1.08068293682618,0.394174308729156,1
1,198,-0.541208108266307,-0.290981620845142,1
2,198,1.53338724193631,0.154543929006009,1
3,198,1.28477279370205,-0.620627097434401,1
1,199,0.412418900997053,0.093269984239632,1
2,199,0.913950470965271,0.18351367622003,1
3,199,1.10067108990609,0.206730940516907,1
1,200,0.109380103390364,0.328800777778992,1
2,200,0.961593561804746,0.01621326106393,1
3,200,-0.753295597213669,-0.0476416221349679,1
1,201,-0.657276124737551,-0.299331246532607,1
2,201,-0.930722916056433,0.117062514858637,1
3,201,0.216547119299343,0.154594843673688,1
1,202,-0.187841076068814,0.017058501884901,1
2,202,-0.625010612640089,0.0443843315013568,1
3,202,-0.338893491410741,0.206866755706863,1
1,203,-0.705718969071744,0.140389862222429,1
2,203,1.01940339240276,-0.214278696324381,1
3,203,0.787675350687786,0.0795807454211401,1
1,204,0.142703185103119,-0.000173508941382832,1
2,204,1.89069390508705,0.0253100260029279,1
3,204,-1.11192628466178,0.154718498402414,1
1,205,0.109995406557632,-0.244007208399347,1
2,205,-0.547097079972475,0.0534453883892175,1
3,205,-0.0760277272243269,0.10641668795838,1
1,206,1.11081851197675,0.0732483823605394,1
2,206,-0.769067343701035,-0.154530240403443,1
3,206,0.305627419872611,-0.33844396370424,1
1,207,2.24260768354524,-0.101200910364269,1
2,207,1.9099385508658,0.0830324409653778,1
3,207,1.69403416931793,-0.147798507178922,1
1,208,-0.984669391092724,0.371579343574341,1
2,208,-1.349032131577,0.191137203704109,1
3,208,-1.20143290166759,-0.148143539405626,1
1,209,-0.973708179683204,0.11701996068961,1
2,209,1.31811912371922,0.104025951142378,1
3,209,-1.13496359437978,0.00119565507610064,1
1,210,0.434003979020976,-0.591554587168788,1
2,210,0.151138002010152,0.0985147387257942,1
3,210,-0.144715730247865,-0.181985793636819,1
1,211,-0.92342067867887,-0.0522437361823678,1
2,211,0.465648527436282,-0.0550912954706929,1
3,211,0.338047610118127,-0.0472246132698818,1
1,212,-1.37438641276121,-0.0433836563130263,1
2,212,1.4484642062027,0.263709533930336,1
3,212,-1.22518894561246,0.140143045464989,1
1,213,0.31334580156351,0.293899567550203,1
2,213,2.39551951625242,-0.0719914423337491,1
3,213,1.75106509197841,0.0698417321138452,1
1,214,0.662042564537092,-0.154494496432873,1
2,214,-1.60617934147995,0.000783544605105449,1
3,214,-1.87298991907685,-0.096512348682605,1
1,215,0.1260932952515,0.0724385855749189,1
2,215,-0.321505544528661,-0.369751317855167,1
3,215,0.820507594316761,0.0990550166567808,1
1,216,0.983941122443691,-0.245367087921573,1
2,216,-1.1951240010272,-0.154696492555068,1
3,216,-0.102247404617633,0.147515561696406,1
1,217,-0.759942186297037,0.0231868346567031,1
2,217,-0.0609839288424151,0.159138934136775,1
3,217,-1.05819221675791,-0.206118966520461,1
1,218,-0.330842675060922,0.259317487117165,1
2,218,-0.0935325009395109,0.112972248110516,1
3,218,0.261933140108429,-0.00673361247098189,1
1,219,1.35556579069504,-0.228788310618665,1
2,219,0.890523853620145,0.299652871550013,1
3,219,-0.851612116564923,-0.265059189513003,1
1,220,2.10939019355863,-0.374190651183747,1
2,220,1.31628222257277,0.198777188296364,1
3,220,0.708190659618226,0.317338807798362,1
1,221,-2.21095706772682,0.117576893340246,1
2,221,0.672703255771641,-0.136817964843281,1
3,221,-0.151839910853185,-0.041500775157251,1
1,222,0.341415948519471,-0.18104340942605,1
2,222,-1.23155782111562,-0.107124750919093,1
3,222,-1.37281128048546,0.194220805688542,1
1,223,0.701888375872338,-0.151108638651988,1
2,223,-0.374580650846035,-0.0498559621287607,1
3,223,1.41544156799081,0.0464412593059809,1
1,224,-0.960046471331129,-0.0436042275915186,1
2,224,-0.298516006342541,-0.162002599170822,1
3,224,0.107109361672376,-0.220034317480181,1
1,225,-0.968621032072105,0.0355240840384546,1
2,225,-1.86837834221261,-0.306884039856254,1
3,225,-0.254649590970758,-0.00837442932301067,1
1,226,1.07788190934074,-0.195889562746607,1
2,226,-0.0370529864925069,-0.192280755391275,1
3,226,-1.00706993381758,0.201955801338553,1
1,227,-1.40652395096812,0.110125408387753,1
2,227,0.548865246965682,-0.0278833264861048,1
3,227,-0.283047431938235,0.193095987662581,1
1,228,-2.25943820963187,-0.340146653020454,1
2,228,-0.645161377233762,0.170370944624683,1
3,228,1.45281953666399,0.119511353059385,1
1,229,-1.09836410484888,-0.30379050581279,1
2,229,1.63458097733559,-0.0112849007339402,1
3,229,-0.310779392729309,0.107726417306339,1
1,230,0.522823514192681,-0.473750126698959,1
2,230,-0.451378558986041,-0.0870712965785497,1
3,230,-0.172763956194295,-0.143317619510546,1
1,231,0.685435369954206,-0.127366901754162,1
2,231,1.56115178327021,0.0418206166094479,1
3,231,-0.70574563109646,0.273319902052537,1
1,232,1.03082414352015,-0.132474481154864,1
2,232,0.0100425621077406,0.163221552864465,1
3,232,1.47545502481354,-0.501729701101955,1
1,233,-1.57193460493828,-0.145344532671479,1
2,233,-0.215319679001074,0.0741039366777162,1
3,233,-1.72984152475542,0.0020535973468086,1
1,234,-0.0012924577300534,0.312303885320344,1
2,234,-0.0876691227155887,-0.364171931388265,1
3,234,-2.23141674516548,0.189511782557866,1
1,235,1.37200259637725,0.308829748158006,1
2,235,-1.94521044537491,0.0140234164052284,1
3,235,1.07125523164491,-0.089294980828043,1
1,236,0.0673356255632353,-0.132449206829099,1
2,236,2.406149057465,-0.185531654688603,1
3,236,1.57078660102017,0.0930287969104007,1
1,237,-0.293898291602519,0.366738461638613,1
2,237,-1.05031471775213,-0.0971788051498884,1
3,237,-0.446509972185042,0.0849797441595807,1
1,238,0.0653236113300633,0.314008800019579,1
2,238,-1.04349784458914,-0.195665318543963,1
3,238,-0.968887980220823,0.0617791022679503,1
1,239,0.0257538398324946,-0.194981754673736,1
2,239,-0.0365714897369296,0.15409340403315,1
3,239,-2.2701727638608,-0.0130679295557689,1
1,240,1.08926007575858,0.0995917694415724,1
2,240,-0.622570064859496,-0.111292958992624,1
3,240,-0.689302365468907,-0.117644623829132,1
1,241,1.20003410249162,0.123563199356504,1
2,241,-0.868823099254072,0.168324606146322,1
3,241,-1.00728294325935,-0.0480756720752486,1
1,242,0.703250146892049,-0.253544178555835,1
2,242,1.01440199903049,-0.386264656915927,1
3,242,0.849821391857859,-0.235708970139186,1
1,243,-1.4872829732229,-0.10738196130509,1
2,243,-0.755982585115974,0.0197108768710065,1
3,243,-1.96108771311475,0.508610583927977,1
1,244,-0.943840924148359,0.178329903762648,1
2,244,0.849664781816189,0.275185172613613,1
3,244,-0.025476951013147,0.322820156831079,1
1,245,1.13434158908939,-0.123395829194752,1
2,245,1.01734834515706,0.0096251330293299,1
3,245,-0.349658333878241,-0.0435053430267131,1
1,246,1.30641191027117,0.0312793409760217,1
2,246,-0.33100537685765,-0.138089727050056,1
3,246,0.61764623169039,-0.229545852255145,1
1,247,-0.625725427707291,-0.101533014876856,1
2,247,-0.578230471026293,0.34635380673368,1
3,247,1.18000738277966,-0.0453455192865929,1
1,248,0.965126930716151,0.167262010434525,1
2,248,0.939681247674229,0.0600832685847216,1
3,248,-1.21597327574783,-0.219505383121054,1
1,249,0.520056700648269,0.103459492001525,1
2,249,-1.74123406488687,0.192426864562013,1
3,249,-1.48648431338849,-0.221862900665081,1
1,250,1.91123727866322,0.080217333733168,1
2,250,-1.95064543745394,-0.126060835044329,1
3,250,-0.172432400850838,-0.180336809669722,1
1,251,-0.677865435025915,0.203464010773593,1
2,251,-0.0521550625916896,-0.0628740465423742,1
3,251,-0.410892700746606,0.400220717401634,1
1,252,-2.68374875379614,0.176215698823014,1
2,252,0.99990121840084,-0.0942375191351939,1
3,252,0.139493408493013,-0.302975350868663,1
1,253,-2.85822020557942,0.123442458009262,1
2,253,0.111827703167932,-0.234738427745103,1
3,253,-0.229125527992629,-0.00853913597042272,1
1,254,-0.835717787780715,-0.1944895013617,1
2,254,-2.24503813705695,-0.164937498197951,1
3,254,-0.029240577339874,0.122197050446465,1
1,255,0.132642775706392,-0.0785908533425787,1
2,255,0.987113359441162,0.444177970846664,1
3,255,1.64829140386651,0.121400754599909,1
1,256,-1.28398126066758,0.0645948199603008,1
2,256,-0.140253394224284,-0.0528783631777787,1
3,256,0.161828168053835,0.167488558914375,1
1,257,-2.14213376514205,0.2369217456372,1
2,257,-0.884861162203608,0.0356553866594665,1
3,257,0.0657817839428553,0.185015682812674,1
1,258,-0.083776186559966,0.0926647411181011,1
2,258,0.164790627786544,-0.0377525068461639,1
3,258,0.378158332023988,-0.498915999914737,1
1,259,0.886886157048314,-0.385996484093112,1
2,259,-1.8729611011256,0.368525690492966,1
3,259,0.0588970820341485,0.223127068264833,1
1,260,0.272605964269948,-0.137506759058662,1
2,260,2.43302068264983,0.061242742397403,1
3,260,1.48732083428468,0.188621952093281,1
1,261,-1.49000622160864,0.0404534542586403,1
2,261,-1.04553461296397,-0.00693728431051796,1
3,261,-1.08333733932502,0.18939840111228,1
1,262,-0.484056758569373,-0.236421702207834,1
2,262,0.972677355245889,0.0629189899523995,1
3,262,-0.744878581333283,0.101923421488898,1
1,263,-1.1327055714201,-0.465067150729372,1
2,263,0.244269652391684,0.18575421997704,1
3,263,0.13731990378781,0.156101852217695,1
1,264,-0.380597782313827,-0.124225281667762,1
2,264,-0.771642000598328,-0.0377644967216152,1
3,264,-0.0212395962695471,0.22108558355662,1
1,265,-0.81418180660394,-0.120713222678422,1
2,265,-1.13324629043572,0.166258658358093,1
3,265,-1.74671591034112,0.13964770936697,1
1,266,0.728016479300416,-0.252738574303694,1
2,266,1.7262178193355,-0.458854777562833,1
3,266,0.628022339601375,-0.183988442067321,1
1,267,-0.0863145895738116,-0.232861173141245,1
2,267,-0.103966886562606,-0.0179486757151571,1
3,267,1.41439770690466,0.115341095463016,1
1,268,1.14236448971429,-0.0613301055439905,1
2,268,-0.730034480124007,-0.165252656340757,1
3,268,-0.107274557765289,0.468680077831516,1
1,269,1.49343972816953,-0.128460356275099,1
2,269,-0.00188815086995398,-0.0879450138560236,1
3,269,0.382538080140858,-0.0286531162409554,1
1,270,-0.071108617673231,-0.182845733189389,1
2,270,-0.118153699428473,-0.359986389089494,1
3,270,0.349805607328549,0.15430450345928,1
1,271,0.0999429389652083,-0.11910345106429,1
2,271,0.653904835121905,0.410234845705749,1
3,271,-0.749692836699384,-0.0852046133645135,1
1,272,0.128805763837192,0.0561338908848357,1
2,272,-2.25369229574459,-0.188448873416046,1
3,272,-0.36323351828077,-0.0534152552260951,1
1,273,1.20405524025469,0.32571872321669,1
2,273,0.746352447590834,0.522932466146927,1
3,273,-0.257112911782068,0.160919449097714,1
1,274,-1.02351085828177,-0.392882063178676,1
2,274,-1.35847776069474,0.363739153278323,1
3,274,1.0988638894776,0.293888472281266,1
