rep,id,th1,th2,treatment
1,1,-2.12140899519675,-0.532602980379302,0
2,1,-3.00512419751183,-0.360307399257473,0
3,1,-2.78983793444925,-0.689191546255023,0
1,2,-2.15641215671388,-0.281793399393797,0
2,2,-0.75240929483428,-0.18703094869154,0
3,2,-1.66910029604001,-0.54165133569416,0
1,3,0.0850701131975991,-0.286518258771272,0
2,3,0.932742977942518,-0.391019893554535,0
3,3,-0.0280661270939715,-0.783959257671696,0
1,4,-3.14080000522252,-0.178526180771898,0
2,4,-3.16748049352314,-0.227925734799734,0
3,4,-1.96754895900244,-0.618120202614195,0
1,5,-0.561319073384806,-0.499410463885526,0
2,5,-1.36213764752675,-0.83516743346705,0
3,5,-0.139944828846894,-0.48314068858377,0
1,6,-0.763831546569899,-0.55350143559112,0
2,6,-0.576726393956812,-0.341671492134904,0
3,6,-1.09030774787733,-0.44429800322672,0
1,7,-1.68659559804016,-0.569834294561928,0
2,7,-0.29130447722587,-0.186972982878693,0
3,7,-1.56407146897201,-0.316612451645733,0
1,8,-1.78848493937965,-0.628622062074104,0
2,8,-2.43648641546783,-0.146022548857503,0
3,8,-1.94788318865991,-0.666485598388857,0
1,9,-1.33278125219331,-0.314611054287517,0
2,9,-1.1911987988745,-0.659522351590888,0
3,9,-1.18751678558114,-0.650061385640324,0
1,10,-1.29664699359098,-0.487137396600555,0
2,10,-2.61304314549956,-0.517866827644521,0
3,10,-1.05916753871541,-0.664845787577636,0
1,11,-3.96793408069852,-0.641446370675848,0
2,11,-3.10582913059679,-0.689591371132695,0
3,11,-3.57030422924025,-0.303782596142201,0
1,12,-2.06495256904728,-0.426554541022539,0
2,12,-2.09106865816133,-0.178784351671608,0
3,12,-2.14372667766251,-0.386144553983862,0
1,13,-0.927468830439034,-0.246696117355491,0
2,13,-3.43860279233635,-0.978523361281764,0
3,13,-0.69779293206286,-0.351193723416099,0
1,14,-3.04582885105484,-0.212580713497047,0
2,14,-3.12710023644135,-0.523839556722552,0
3,14,-3.76469584735114,-0.398627325750728,0
1,15,-0.390074553084235,-0.413792026762622,0
2,15,-2.08375008319246,-0.253643029864768,0
3,15,-1.17644178428965,-0.469468446745136,0
1,16,-0.0219146120652254,-0.817527949957193,0
2,16,-1.91689621432416,-0.0785462717210341,0
3,16,-1.86762786205837,-0.686437339265547,0
1,17,0.429672062116906,-0.710209686788239,0
2,17,-0.41521692421333,-0.0684338057744879,0
3,17,-0.0965666456880652,-0.569832128577508,0
1,18,-1.59721581173828,-0.311571040870931,0
2,18,-0.953238717649137,-0.334087513408745,0
3,18,-0.89796503437927,-0.608782088321733,0
1,19,-1.22999960688472,-0.0261116451184452,0
2,19,-2.45772317702565,-0.7920423861457,0
3,19,-1.6157041162516,-0.723352535654374,0
1,20,-2.59494061980955,-0.813924034322107,0
2,20,-1.11986603396037,-0.842383837346076,0
3,20,-2.59850378943514,-0.512671092020496,0
1,21,-1.15889072869427,-0.59241113667268,0
2,21,-2.41725268109728,-0.635363018257986,0
3,21,-2.41101282038496,-0.33560637055323,0
1,22,-3.29404629361633,-0.374801179136574,0
2,22,-3.84471920561227,-0.128589081052895,0
3,22,-0.392684000492074,-0.506578873433169,0
1,23,-0.832949600143885,-0.15584494557779,0
2,23,-1.29910940146364,-0.599035512308293,0
3,23,-2.65136641485071,-0.572947094038871,0
1,24,-1.03246911638266,-0.514792440465708,0
2,24,-2.77747034588756,-0.339054387201111,0
3,24,-3.98802924337965,-0.942122438934613,0
1,25,-2.1300417050391,-0.206497876407217,0
2,25,-1.36512504608975,-0.0947667194563332,0
3,25,0.497493031404,-0.412876009362483,0
1,26,-0.522886057283779,-0.563648953154186,0
2,26,-2.30846220022688,-0.48145985545358,0
3,26,-3.12449964045812,-0.519288849290557,0
1,27,-0.179745431133709,-0.583469772990398,0
2,27,-0.831252087981326,-0.292953967245301,0
3,27,-0.535053202577551,-0.231013993067359,0
1,28,-2.90868043141676,-0.378916607799222,0
2,28,-1.15492267685625,-0.46602692930098,0
3,28,-2.23834099623997,-0.69091982669819,0
1,29,-2.80994231806245,-0.158597401945152,0
2,29,-2.59623965394466,-0.601586014854189,0
3,29,-2.89503604507169,-0.583315476813758,0
1,30,-2.04051580469894,-0.54793775568906,0
2,30,-3.35012388081347,-0.462625308338296,0
3,30,-1.37118498060508,-0.377108535809893,0
1,31,-2.91494588879244,-0.481978343681019,0
2,31,-1.21759794893623,-0.430930179648644,0
3,31,-3.44223075383152,-0.370181913647501,0
1,32,-1.22417240010197,-0.613699559965222,0
2,32,-2.1977133909276,-0.297303822474051,0
3,32,-2.70628641197677,-0.156162445676682,0
1,33,-0.631982192810298,-0.46104502633601,0
2,33,-1.2561073547017,-0.103499483765322,0
3,33,-1.92949178355393,-0.225907168227638,0
1,34,-2.90798433079232,-0.24628858102581,0
2,34,-2.03486370011715,-0.318736199980319,0
3,34,-1.83215548422615,0.118351886522222,0
1,35,-4.17051610669532,-0.646710892039228,0
2,35,-2.82472219863935,-0.0190161320901204,0
3,35,-2.32903691713919,-0.613602111693787,0
1,36,-0.846111161110446,-0.455977672397252,0
2,36,-1.01872512536735,-0.571795974571298,0
3,36,-3.88407775271146,-0.38654227705064,0
1,37,-2.33197793523867,-0.512457832411359,0
2,37,-2.70722530604478,-0.477413386928026,0
3,37,-1.12401109576575,-0.455071454452869,0
1,38,-1.09721988075972,-0.715845317153565,0
2,38,-2.64932257198243,-0.557713218407045,0
3,38,-2.71378523499674,-0.363887063011489,0
1,39,-1.35487300401659,-0.793089957021302,0
2,39,-2.57950609304934,-0.780279638502348,0
3,39,-2.55990508845017,-0.547519311922136,0
1,40,-5.83423859277234,-0.724993930463645,0
2,40,-4.66696073914436,-0.459763812133048,0
3,40,-2.17495170222647,-0.354814610257491,0
1,41,-2.73890204213244,-0.499197051649663,0
2,41,-3.64214502054905,-0.190520359500418,0
3,41,-1.24170599519538,-0.45360341295033,0
1,42,0.00532083324427124,-0.388752971955998,0
2,42,-0.497517828353724,-0.787029356728122,0
3,42,-3.32073855421929,-0.39530909449034,0
1,43,-1.69850398273697,-0.430987340051757,0
2,43,-2.2888176115748,-0.372479197006565,0
3,43,-0.339321087322208,-0.520894604444189,0
1,44,-2.02295588184742,-0.667682262187553,0
2,44,-2.26622185383448,-0.627017280619462,0
3,44,-3.42912594238391,-0.598637708053131,0
1,45,-1.83974397429167,-0.114288968198206,0
2,45,-0.805070722854138,-0.107609530926143,0
3,45,-0.661254240129069,-0.070020916004655,0
1,46,-0.275726746503681,-0.638705004789017,0
2,46,-2.80690960288124,-0.749348316260769,0
3,46,-2.19673480462475,-0.157398637786203,0
1,47,-5.00786247562807,-1.08490735640739,0
2,47,-3.84258506991221,-0.813296365686063,0
3,47,-2.741645614539,-0.339893558508441,0
1,48,-3.32850229756283,-0.798520317334094,0
2,48,-1.41522335100732,-0.368593313679372,0
3,48,-2.20489256007721,-0.301142399761085,0
1,49,-0.820982857639958,-0.466752998274394,0
2,49,-3.37386597332863,-0.557420978816306,0
3,49,-2.09614986295601,-0.334825052203237,0
1,50,-3.53086702248504,-0.814424930069822,0
2,50,-4.09347924017834,-0.993768898546691,0
3,50,-2.34337229213817,-0.080650397084874,0
1,51,-1.39800506942575,-0.574144999736998,0
2,51,-2.94504220364752,-0.797350062959901,0
3,51,-1.35396025370325,-0.302140228402955,0
1,52,-0.924330083029734,-0.270147652847478,0
2,52,-2.16801437160359,-0.242083889483763,0
3,52,-1.22298362325286,-0.665044600041301,0
1,53,-1.88329379855767,-0.484079148064378,0
2,53,-1.1706849621989,-0.151717544660087,0
3,53,-1.37917920392906,-0.607519258940457,0
1,54,-1.20663254172635,-0.43205853900138,0
2,54,-1.90643706534598,-0.365612226009319,0
3,54,-2.60001592961296,-0.298641079666599,0
1,55,-2.29493875075122,-0.417890098104163,0
2,55,-2.50510421630172,-0.647853920557257,0
3,55,-1.26866316288497,-0.343670458623916,0
1,56,-1.72215095596695,-0.673503794989676,0
2,56,-1.30285913718162,-0.326286040682995,0
3,56,-3.49879262581785,-0.684862814743056,0
1,57,-2.1762202392858,-0.509025344449495,0
2,57,-0.954419805858454,-0.22774815780277,0
3,57,-2.21707262896927,-0.312975098399864,0
1,58,-1.48617608075136,-0.787746223226755,0
2,58,-2.20510301736138,-0.395501119804028,0
3,58,-1.64340412276696,-0.453167499621,0
1,59,-0.206623912059482,-0.440669513550716,0
2,59,-1.31379154990795,-0.310314095951461,0
3,59,-2.01671789028558,-0.481166658631059,0
1,60,-2.6661017867006,-0.75865283215273,0
2,60,-2.65338177602819,-0.276942952323454,0
3,60,-1.675471762859,-0.407518247861292,0
1,61,-0.72830156198718,-0.509923352813645,0
2,61,-0.0584440201440662,-0.409766241527623,0
3,61,-0.351681063366428,-0.402650993731575,0
1,62,0.173180691809646,-0.51497039949152,0
2,62,1.01347719966817,-0.283196013376821,0
3,62,-0.495903468952087,-0.0875691612206106,0
1,63,-1.96312395194741,-0.185314202171041,0
2,63,-2.51055899428011,-0.475816415495025,0
3,63,-2.40745075499874,-0.453958124868701,0
1,64,-2.38993923018673,-0.247739022231489,0
2,64,-2.78917643072989,-0.478216746777669,0
3,64,-2.04563403113329,-0.159407450288539,0
1,65,-2.7612106446237,-0.603670703237348,0
2,65,-0.443345874586379,-0.531278540338278,0
3,65,-5.27905903103796,-0.707133909968677,0
1,66,-0.992549733691124,-0.695969162125764,0
2,66,-2.6783484290019,-0.394251814972199,0
3,66,-1.52125819400532,-0.323721352180919,0
1,67,-0.0391582184762359,-0.522230061361028,0
2,67,-2.35983131017186,-0.490614219456024,0
3,67,-2.10446052453106,-0.195072266168242,0
1,68,-2.80926390126718,-0.541486048526583,0
2,68,-1.35346247198851,-0.730632704630094,0
3,68,-2.74429663845624,-0.469306594994462,0
1,69,-1.97658690953697,-0.425349234950247,0
2,69,-2.01817402393929,-0.53673529477739,0
3,69,-1.55248740319255,-0.220085457531161,0
1,70,-2.45446446375655,-0.47648819878082,0
2,70,-1.97360983109463,-0.674960140393742,0
3,70,-4.40421538950328,-0.332669055905733,0
1,71,-2.11707728929815,-0.179635580525193,0
2,71,-0.721548973110898,-0.698406189105743,0
3,71,-2.02805330378558,-0.608923267777993,0
1,72,-2.37637239182301,-0.610050144056216,0
2,72,-0.856839061416369,-0.512526056568518,0
3,72,-2.11993593535708,-0.440118992248856,0
1,73,-3.75314028612963,-0.333454884269451,0
2,73,-2.97959818935614,-0.435614715167984,0
3,73,-1.96576982249625,-0.256232330326191,0
1,74,-0.953808904598729,-0.868941382041594,0
2,74,-1.22134905324249,-0.552446085629603,0
3,74,-0.92220155632476,-0.508211529980253,0
1,75,-1.08773699912632,-0.976222880744472,0
2,75,-1.46841352751361,-0.238818486055748,0
3,75,-1.08578122109363,-0.809157625607812,0
1,76,-1.70147786132468,-0.259326447165916,0
2,76,0.647740309588318,-0.695473436111299,0
3,76,-1.29106572631276,-0.300049252874616,0
1,77,-2.98026026953366,-0.263628318209885,0
2,77,-2.75582178026204,-0.531171316863004,0
3,77,-2.40587195214829,-0.342879323836224,0
1,78,-2.709551618049,-0.346933614548006,0
2,78,-1.7563217847464,-0.563867619111042,0
3,78,-2.65305875412785,-0.603377844355403,0
1,79,-3.6439381716253,-0.307116588322276,0
2,79,-2.20600838490297,-0.381504355177982,0
3,79,-5.1370247879259,-0.63612587026818,0
1,80,-5.17611663350415,-0.787164070705447,0
2,80,-2.60249685729194,-0.490290952119293,0
3,80,-3.00136076134496,-0.300405580409768,0
1,81,-3.58923434290067,-0.44992030396647,0
2,81,-2.89022126994977,-0.563686169109398,0
3,81,-0.512214583379819,-0.271379276463515,0
1,82,-2.52752336589497,-0.697496266800307,0
2,82,0.194736638081453,-0.663322423183477,0
3,82,-1.09277323497903,-0.353846645176376,0
1,83,-1.92084789148194,-0.617069187045541,0
2,83,0.228887889768068,-0.557212499773252,0
3,83,-0.639141624077726,-0.338717086838018,0
1,84,-1.92901097399152,-0.358210740679502,0
2,84,-2.24625376037592,-0.562591348051652,0
3,84,-1.57037350953674,-0.436385024249194,0
1,85,-1.4107034993128,-0.512073872016056,0
2,85,-1.52994456529577,-0.36603013278248,0
3,85,-4.28972934268294,-0.478886719784706,0
1,86,-1.69564080848648,-0.462237938812857,0
2,86,-1.20309949236976,-0.572689180764382,0
3,86,-2.2489009162057,0.0637322513755094,0
1,87,-2.31515581888646,-0.36823164988488,0
2,87,-1.95323381924502,-0.564517164671987,0
3,87,-3.04729413482322,-0.311559407090727,0
1,88,-1.55263419036355,-0.539111011190666,0
2,88,-1.20042021253429,-0.762849736467869,0
3,88,1.31816784161494,-0.437046093552476,0
1,89,-1.80152561320376,-0.707153476105307,0
2,89,-1.85000792813876,-0.264957767272513,0
3,89,-2.04344191707593,-0.710397968431844,0
1,90,-3.28165350035276,-0.235625462358396,0
2,90,-4.06468288755624,-0.547854607584517,0
3,90,0.513977189915351,-0.438950253256953,0
1,91,-1.44152583750897,-0.823110194125381,0
2,91,-3.43885048317136,-0.700724070489226,0
3,91,-4.06337533692688,-0.350340210950674,0
1,92,-2.07733094532272,-0.926603353518446,0
2,92,-1.99645048469315,-0.477398808000115,0
3,92,-3.31189725020695,-0.39394115313932,0
1,93,-1.97033356508251,-0.646908194123916,0
2,93,-2.3133041408307,-0.309528822506699,0
3,93,-1.08231323508284,-0.505987349087282,0
1,94,-2.48405249111195,-0.593014336650597,0
2,94,-2.29784643098388,-0.610795110126401,0
3,94,-0.781971853985666,-0.924681591515025,0
1,95,-0.90072278991186,-0.408254094939962,0
2,95,-3.06199712943878,-0.524131599876242,0
3,95,-1.46558515262859,-0.338670430782685,0
1,96,-1.17554867904994,-0.077959650612551,0
2,96,0.041720739238529,-0.224422315526479,0
3,96,-0.925050512121854,-0.267329810170638,0
1,97,-2.33677187426234,-0.170252876882228,0
2,97,-1.42231779817416,-0.350482914294959,0
3,97,-2.76177238963266,-0.607161319943206,0
1,98,-1.11516109825164,-0.633653066198712,0
2,98,-2.09311871256772,-0.377024140120508,0
3,98,-3.54938857308692,0.0838580681710821,0
1,99,0.496324996602431,-0.524318687760142,0
2,99,-0.258236238479513,-0.175004292802575,0
3,99,-0.348273210910443,-0.540545768497925,0
1,100,-0.448242709231683,0.150538953972332,0
2,100,-2.21306379521182,0.0836138954739264,0
3,100,-0.0236352696356036,0.143592567450989,0
1,101,-0.926547247045062,-0.49293215490494,0
2,101,-2.81721817915868,-0.563688556955232,0
3,101,-2.34453784744738,-0.360469789021796,0
1,102,-1.74289678934059,-0.385857125465288,0
2,102,-2.42050004103852,-0.271587292882881,0
3,102,-2.75631882259204,-0.32683723563201,0
1,103,-0.981504679731783,-0.575742897717474,0
2,103,-2.07655690203622,-0.497885273217983,0
3,103,-1.85698148218191,-0.476237326520087,0
1,104,-1.89134350879222,-0.560439636289736,0
2,104,-2.51489990035056,-0.528493136372101,0
3,104,-2.70204961359681,-0.218188969973152,0
1,105,-1.18995969484473,-0.71409438811396,0
2,105,0.0828780802788387,-0.376482192506621,0
3,105,0.0015955291053123,-0.28423208509085,0
1,106,-1.32685943788399,-0.753553689241185,0
2,106,-0.241967340240681,-0.144317438471416,0
3,106,-0.727699727694645,-0.475237513738382,0
1,107,-0.140407893542531,-0.277541641550129,0
2,107,-0.353128366622556,-0.269193816967696,0
3,107,-1.58792201337033,-0.655099741969324,0
1,108,-0.864319383324939,-0.35766803609403,0
2,108,-3.80129944519125,-0.132571776744644,0
3,108,-2.26867530050857,-0.0533497063015644,0
1,109,-3.37585699926634,-0.462940375804545,0
2,109,-3.78420879552923,-0.609996357147471,0
3,109,-3.57007012875718,-0.340471293578397,0
1,110,-1.44934202785041,-0.439909987421107,0
2,110,-2.17281166431859,-0.224791724848751,0
3,110,-1.05813227430473,-0.30240062479446,0
1,111,-2.58848218676346,-0.644577906519573,0
2,111,-2.02432197627416,-0.238251154247216,0
3,111,-2.75509103529483,-0.649755099980099,0
1,112,-0.935929122277952,-0.683250842486237,0
2,112,-2.16574452100906,-0.226296604756656,0
3,112,-2.85281783973816,-0.357501235318108,0
1,113,-0.705986285285467,-0.480638017675859,0
2,113,-2.16721658184761,-0.778734172671929,0
3,113,-1.85045504401127,-0.453770354383983,0
1,114,-2.73538252949917,-0.516752122105644,0
2,114,-2.46855238588752,-0.379289924300604,0
3,114,-1.69806348296124,-0.761429259097544,0
1,115,-2.39775455453184,-0.635365563156407,0
2,115,-0.476746842436339,-0.307706589345858,0
3,115,-0.369989516309662,-0.667569027772608,0
1,116,-1.59913068222992,-0.471539267690547,0
2,116,-2.38741463392324,-0.164879102649625,0
3,116,-3.96633415781275,-0.474927040841758,0
1,117,-2.89693276826404,-0.374388242702883,0
2,117,-0.781765915253551,-1.0185927615374,0
3,117,-2.21207873208529,-0.532906668179601,0
1,118,-2.58521748349942,-0.510618543718542,0
2,118,-2.95061976823747,-0.545480201607983,0
3,118,-1.809127509063,-0.6165776497682,0
1,119,-2.19425001040648,-0.922494726594481,0
2,119,-2.84463460869305,-0.52022439071341,0
3,119,-1.6575072987176,-0.443704232511975,0
1,120,-2.35404615169859,-0.395490434837187,0
2,120,-2.83062718966315,-0.476866654073686,0
3,120,-1.68156068748223,0.0376355305951888,0
1,121,-1.09928385549289,-0.71854758606616,0
2,121,-1.58540166600829,-0.381874772676757,0
3,121,-1.55645083324151,-0.202489352282594,0
1,122,0.143323388241052,-0.636877889173949,0
2,122,-3.91355406148447,-0.734863644930446,0
3,122,-1.05873188868942,-0.645106012876383,0
1,123,-3.46648158403625,-0.357925260841909,0
2,123,-1.2351211317772,-0.216895565164787,0
3,123,-1.96704391812775,-0.38998730019037,0
1,124,-2.09216878539368,-0.450565664313717,0
2,124,-1.10988452507744,-0.457835220002229,0
3,124,-5.35375689276035,-0.646141325897832,0
1,125,0.459021161074982,-0.487163474869125,0
2,125,-1.12658990124285,-0.775238147811067,0
3,125,-2.17958486602749,-0.303230592350527,0
1,126,-1.46155592607874,-0.370386602207228,0
2,126,-1.38585686137012,-1.01075091235017,0
3,126,-1.78622133125504,-0.450652779393309,0
1,127,0.600139729546844,-0.150071964443758,0
2,127,0.560320017812588,-0.13311433217338,0
3,127,-0.0287470819652078,-0.221584223919922,0
1,128,-1.48919504175219,-0.259037907962056,0
2,128,-2.45402685457835,-0.73179941299163,0
3,128,-2.97540407510715,-0.270304259429862,0
1,129,-0.263216314062877,-0.215050463885673,0
2,129,-2.18402973421344,-0.556763417435683,0
3,129,-1.69992402728977,-0.0874959510060078,0
1,130,-2.15810509743506,-0.65766451022617,0
2,130,-3.36766682915097,-0.141203528393275,0
3,130,-2.73757097496341,-0.583871469070909,0
1,131,-4.20574844813066,-0.618247416072843,0
2,131,-3.20449720817871,-0.621111537560624,0
3,131,-0.618175260991501,-0.581822186801186,0
1,132,-2.80004484020361,-0.431331899527766,0
2,132,-3.13072537811443,-0.738641759475913,0
3,132,-1.13116378840552,-0.491462301123757,0
1,133,-0.939892594378515,-0.320293428489682,0
2,133,-4.13219092401242,-0.00914100532705114,0
3,133,-2.28162161712637,-0.551103693747336,0
1,134,-2.0778613058612,-0.518461262613446,0
2,134,-2.66993014256995,-0.273939564035829,0
3,134,-1.71631831285893,-0.429451088286037,0
1,135,-0.813038561200785,-0.386874325903815,0
2,135,-0.93711476072865,-0.756037058955922,0
3,135,0.080084090447535,-0.0280952282501056,0
1,136,-0.249516277526737,-0.495397433949098,0
2,136,-3.33615177651164,-0.293219404294553,0
3,136,-2.22667051088259,-0.800942183239276,0
1,137,-4.39610457777702,-0.581734293244735,0
2,137,-1.73536059746788,-0.739671552962384,0
3,137,-1.68174789178663,-0.540235295638983,0
1,138,-3.05086787489283,-0.629241458838722,1
2,138,-1.28485897769709,-0.498698109017598,1
3,138,-1.47798041704645,-0.618038615872252,1
1,139,-1.90537220241343,-0.578477674307009,1
2,139,0.0400456699935989,-0.846486763816629,1
3,139,-1.36522504313589,-0.258306433936249,1
1,140,-3.22454891061081,-0.901845296309062,1
2,140,-2.3100110248693,-0.658905524004439,1
3,140,-2.45162100617761,-0.506148496385483,1
1,141,-2.41145313864156,-0.352119945986012,1
2,141,-2.51764423180259,-0.675217908862167,1
3,141,-3.74809439419638,-0.720486455083048,1
1,142,-0.552303320950113,-0.832317732869547,1
2,142,-1.04541575054315,-0.676017272626981,1
3,142,-0.0463046804625936,-0.664885872561988,1
1,143,-1.84707716335854,-0.842013064026519,1
2,143,-1.34047464334598,-0.4382118111263,1
3,143,-0.723239489030924,-0.327148289392183,1
1,144,-1.1456143643986,-0.518412363346132,1
2,144,-3.39179089761866,-0.224718308805937,1
3,144,-1.76845498954382,-0.196699671354631,1
1,145,-0.393977355564654,-0.339340238384531,1
2,145,-1.49124711556547,-0.277000549240435,1
3,145,-1.50368903194617,-0.225688420067043,1
1,146,-0.0543738504062505,-0.298181072504228,1
2,146,-0.915290080687436,-0.380859271397218,1
3,146,0.309122492382013,-0.35222678188887,1
1,147,-0.0346731488936411,-0.408227594450216,1
2,147,-1.35296463167378,-0.823131720985295,1
3,147,-0.983433249513065,-0.489009282799557,1
1,148,-1.29163798233525,-0.464004334262661,1
2,148,-2.71280522041585,-0.551401532381602,1
3,148,-1.34118322032382,-0.462885251373502,1
1,149,-1.77887668816156,-0.441717062888972,1
2,149,-5.07276259245055,-0.779818611184941,1
3,149,-3.64120779563304,-0.543342817735302,1
1,150,-2.00244272892868,-0.504179027446493,1
2,150,-1.99019878234071,-0.894474729858304,1
3,150,-2.04392918560869,-0.171445747361504,1
1,151,-1.57815298488369,-0.607810405264184,1
2,151,-2.14789611738594,-0.51904173695917,1
3,151,-2.42742669506371,-0.676158332933099,1
1,152,-2.62793377026968,-0.585664466557623,1
2,152,-1.1504857863806,-0.55084492458016,1
3,152,-3.2408233553527,-0.936657131999362,1
1,153,-2.18481435066511,-0.631716081922661,1
2,153,-3.57342082965188,-0.866792839984349,1
3,153,-1.94279567019646,-0.761943219151258,1
1,154,-2.35525299210132,-0.50574952407109,1
2,154,-3.06805988497194,-0.622868957628843,1
3,154,-1.33003349745924,-0.768887824970624,1
1,155,-4.21167586067715,-0.917794345260723,1
2,155,-3.61415849782251,-0.604776215799473,1
3,155,-1.49587776012166,-0.679947690894597,1
1,156,0.801091381557445,-0.549787434453112,1
2,156,-0.298768215070582,-0.825421431021975,1
3,156,-0.763122526756915,-0.583967865600648,1
1,157,-2.61809314807559,-0.453229035652707,1
2,157,-2.35576328856082,-0.552376751893483,1
3,157,-1.93243627601942,-0.370138503804508,1
1,158,-3.99248673495765,-1.04693588133501,1
2,158,-1.50972247174214,-0.591691233296106,1
3,158,-0.781756886872269,-0.438010570094299,1
1,159,-4.06317438620746,-0.648277765942766,1
2,159,-2.37581914844567,-0.459391571047327,1
3,159,-2.01209189852057,-0.471972140761237,1
1,160,-0.012781494255707,-0.712338543160586,1
2,160,-2.405505731692,-0.448764863252788,1
3,160,-1.3419855391276,-1.01204055904176,1
1,161,-0.94438213841518,-0.323643356795846,1
2,161,0.393497815147921,-0.747898914493655,1
3,161,1.18737065525116,-0.565047094949581,1
1,162,-1.23397189457009,-0.412928718032765,1
2,162,-2.38099306322537,-0.33018950042786,1
3,162,-0.439482494771747,-0.419314129866638,1
1,163,0.931648669402358,-0.497118794233056,1
2,163,-0.763792953317258,-0.332997618229284,1
3,163,-0.15497230533936,-0.540171667354454,1
1,164,-1.06144733116771,-0.680049412026602,1
2,164,-0.59988085073043,-0.602780010658801,1
3,164,-1.81643087667505,-1.00372128907197,1
1,165,-1.37489722754313,-0.762810542474111,1
2,165,-2.93729608022135,-0.66292599880285,1
3,165,-2.88780937278154,-0.777376566212096,1
1,166,-1.12672508712452,-0.68075714289122,1
2,166,-1.83112636882649,-0.595727219255249,1
3,166,-1.86586722127479,-0.78805594365262,1
1,167,-1.46469433368331,-0.415530647028354,1
2,167,-2.09437621134436,-0.506040301902875,1
3,167,-2.03997324835982,-0.484519996627516,1
1,168,-1.62585146075858,-0.374239473736487,1
2,168,-0.198120984869931,-0.535843162348032,1
3,168,-2.24734660610443,-0.253048122233354,1
1,169,-2.29133602262886,-0.626119907905896,1
2,169,-1.01324795589267,-0.761380683635255,1
3,169,-2.24350232326466,-0.48336140448449,1
1,170,-2.0853400164721,-0.546229606971798,1
2,170,-5.45510547903507,-0.612510146032702,1
3,170,-1.77126919189645,-0.760849242315208,1
1,171,-3.94533969995924,-0.609159015853568,1
2,171,-2.90782960731028,-0.427736263450265,1
3,171,-3.77499041532071,-0.655085112800113,1
1,172,-0.0189580606743569,-0.771961056830322,1
2,172,-2.60358927204841,-0.851747922141335,1
3,172,-1.97172979824452,-0.212410030491315,1
1,173,0.408679248437205,-0.385923090850608,1
2,173,-1.83494892381286,-0.29940372918962,1
3,173,-1.00636710804393,-0.391993763749831,1
1,174,-3.66997208132414,-0.553613653160925,1
2,174,-3.85716558440805,-0.90039754435786,1
3,174,-0.900348506497464,-0.537948321881269,1
1,175,-3.30637073265114,-0.411452289496804,1
2,175,-2.13141077612228,-0.527571920961614,1
3,175,-0.868842418273433,-0.722917891033365,1
1,176,-2.24945502408513,-0.533608517978304,1
2,176,-1.21842614191073,-0.755001791102895,1
3,176,-3.25392969477786,-0.330763514932863,1
1,177,-1.18949943141245,-0.829522019696445,1
2,177,-2.02117341986108,-0.639802848431944,1
3,177,-2.52387005310701,-0.879025973350307,1
1,178,-1.69299847782477,-0.388342321928366,1
2,178,-0.714510673225453,-0.539262830296092,1
3,178,-2.06844031396594,-0.386256877995559,1
1,179,-0.912594995517877,-0.799130860509458,1
2,179,2.28384330431189,-0.998707528319053,1
3,179,0.856980886246692,-0.689822267735796,1
1,180,-1.8774281605067,-0.485334419623618,1
2,180,-0.696978089719476,-0.602814231136002,1
3,180,-0.654679477948602,-0.712037750046877,1
1,181,-5.62752225600268,-0.850968148179653,1
2,181,-1.36385001844139,-0.601166660649737,1
3,181,-3.3731246875267,-0.649367105309172,1
1,182,-1.21045123098803,-0.370698442742305,1
2,182,-1.70195176581089,-0.811987344651084,1
3,182,-2.1551775358665,-0.584045267146458,1
1,183,-0.349632738380698,-0.578739725875853,1
2,183,-0.638337665472021,-0.660580469826774,1
3,183,0.452229224025844,-0.435929994137497,1
1,184,-0.515519787029145,-0.40188315995156,1
2,184,-0.513398016011839,-0.340405415958522,1
3,184,-0.879864341111112,-0.268896029820668,1
1,185,-2.67785346686508,-0.892167175405989,1
2,185,-2.69442175256698,-0.384797475995353,1
3,185,-2.6403028958645,-0.749421943297732,1
1,186,-3.82875281051684,-0.381402040042611,1
2,186,-1.8827460601858,-0.455622427362788,1
3,186,-1.46437147710961,-0.613072067910143,1
1,187,-2.28604151565792,-0.2494659779012,1
2,187,-1.04506002223812,-0.828742563478241,1
3,187,-2.35356306259934,-0.272753690346091,1
1,188,-3.79141705530599,-0.736712578025269,1
2,188,-1.52635957994734,-0.824574531458497,1
3,188,-1.21404150760646,-0.849162454373578,1
1,189,-0.53011278270858,-0.440556439126806,1
2,189,-3.10933984619486,-0.773327470153317,1
3,189,-1.01439393141731,-0.78489940203967,1
1,190,-0.763591830273199,-0.378384193084874,1
2,190,-1.28929477661588,-0.962006764955059,1
3,190,-3.20410444105576,-0.691885378761078,1
1,191,-2.81988687780613,-0.590621358140993,1
2,191,-2.86730524587498,-0.886523965141984,1
3,191,-3.64415292194968,-0.338430477116582,1
1,192,-3.15783359975632,-0.858732968371976,1
2,192,-1.4573605094666,-0.606501115781763,1
3,192,-2.67337776456406,-0.460052560087465,1
1,193,-1.93286484527577,-0.883353047807981,1
2,193,-1.28769809892128,-0.853282933823629,1
3,193,-2.31721686403342,-0.359282836015851,1
1,194,-1.41765401673542,-0.235836230088339,1
2,194,-2.88938423391765,-0.425421730326639,1
3,194,-1.648814933314,-0.548854552144551,1
1,195,-2.72674780957373,-0.456232265762215,1
2,195,0.307517062812229,-0.643129167918591,1
3,195,-1.37821124901291,-0.618490981220983,1
1,196,-2.88202553547206,-0.503201682859858,1
2,196,-3.44556498624532,-0.657497081209417,1
3,196,-4.20080894441107,-0.621778791525607,1
1,197,-1.28245779774605,-0.589970755141436,1
2,197,-3.27318503881528,-0.43245581543395,1
3,197,-0.854485332240396,-0.160182187959189,1
1,198,-2.47637637733288,-0.845338117533488,1
2,198,-0.401781027130262,-0.399812567682336,1
3,198,-0.650395475364524,-1.17498359412275,1
1,199,-1.52274936806952,-0.461086512448714,1
2,199,-1.0212177981013,-0.370842820468316,1
3,199,-0.834497179160489,-0.347625556171439,1
1,200,-1.82578816567621,-0.225555718909354,1
2,200,-0.97357470726183,-0.538143235624416,1
3,200,-2.68846386628024,-0.601998118823314,1
1,201,-2.59244439380413,-0.853687743220952,1
2,201,-2.86589118512301,-0.437293981829708,1
3,201,-1.71862114976723,-0.399761653014658,1
1,202,-2.12300934513539,-0.537297994803445,1
2,202,-2.56017888170666,-0.509972165186989,1
3,202,-2.27406176047732,-0.347489740981482,1
1,203,-2.64088723813832,-0.413966634465917,1
2,203,-0.915764876663816,-0.768635193012727,1
3,203,-1.14749291837879,-0.474775751267206,1
1,204,-1.79246508396346,-0.554530005629729,1
2,204,-0.0444743639795246,-0.529046470685418,1
3,204,-3.04709455372835,-0.399637998285931,1
1,205,-1.82517286250894,-0.798363705087692,1
2,205,-2.48226534903905,-0.500911108299128,1
3,205,-2.0111959962909,-0.447939808729965,1
1,206,-0.824349757089824,-0.481108114327806,1
2,206,-2.70423561276761,-0.708886737091789,1
3,206,-1.62954084919396,-0.892800460392586,1
1,207,0.307439414478663,-0.655557407052615,1
2,207,-0.0252297182007769,-0.471324055722968,1
3,207,-0.241134099748641,-0.702155003867267,1
1,208,-2.9198376601593,-0.182777153114005,1
2,208,-3.28420040064357,-0.363219292984237,1
3,208,-3.13660117073416,-0.702500036093971,1
1,209,-2.90887644874978,-0.437336535998736,1
2,209,-0.617049145347356,-0.450330545545968,1
3,209,-3.07013186344636,-0.553160841612245,1
1,210,-1.5011642900456,-1.14591108385713,1
2,210,-1.78403026705642,-0.455841757962552,1
3,210,-2.07988399931444,-0.736342290325165,1
1,211,-2.85858894774545,-0.606600232870714,1
2,211,-1.46951974163029,-0.609447792159039,1
3,211,-1.59712065894845,-0.601581109958228,1
1,212,-3.30955468182778,-0.597740153001372,1
2,212,-0.486704062863875,-0.29064696275801,1
3,212,-3.16035721467903,-0.414213451223356,1
1,213,-1.62182246750307,-0.260456929138143,1
2,213,0.460351247185846,-0.626347939022095,1
3,213,-0.184103177088164,-0.4845147645745,1
1,214,-1.27312570452948,-0.708850993121219,1
2,214,-3.54134761054652,-0.55357295208324,1
3,214,-3.80815818814343,-0.650868845370951,1
1,215,-1.80907497381508,-0.481917911113427,1
2,215,-2.25667381359524,-0.924107814543513,1
3,215,-1.11466067474981,-0.455301480031565,1
1,216,-0.951227146622884,-0.799723584609919,1
2,216,-3.13029227009378,-0.709052989243414,1
3,216,-2.03741567368421,-0.406840934991939,1
1,217,-2.69511045536361,-0.531169662031643,1
2,217,-1.99615219790899,-0.395217562551571,1
3,217,-2.99336048582448,-0.760475463208807,1
1,218,-2.2660109441275,-0.295039009571181,1
2,218,-2.02870077000609,-0.44138424857783,1
3,218,-1.67323512895815,-0.561090109159328,1
1,219,-0.579602478371535,-0.783144807307011,1
2,219,-1.04464441544643,-0.254703625138333,1
3,219,-2.7867803856315,-0.819415686201349,1
1,220,0.174221924492055,-0.928547147872093,1
2,220,-0.618886046493807,-0.355579308391981,1
3,220,-1.22697760944835,-0.237017688889984,1
1,221,-4.1461253367934,-0.4367796033481,1
2,221,-1.26246501329493,-0.691174461531627,1
3,221,-2.08700817991976,-0.595857271845597,1
1,222,-1.5937523205471,-0.735399906114396,1
2,222,-3.1667260901822,-0.661481247607439,1
3,222,-3.30797954955204,-0.360135690999803,1
1,223,-1.23327989319424,-0.705465135340334,1
2,223,-2.30974891991261,-0.604212458817106,1
3,223,-0.519726701075764,-0.507915237382365,1
1,224,-2.8952147403977,-0.597960724279864,1
2,224,-2.23368427540912,-0.716359095859168,1
3,224,-1.8280589073942,-0.774390814168527,1
1,225,-2.90378930113868,-0.518832412649891,1
2,225,-3.80354661127919,-0.8612405365446,1
3,225,-2.18981786003733,-0.562730926011356,1
1,226,-0.857286359725832,-0.750246059434952,1
2,226,-1.97222125555908,-0.746637252079621,1
3,226,-2.94223820288416,-0.352400695349793,1
1,227,-3.3416922200347,-0.444231088300593,1
2,227,-1.38630302210089,-0.582239823174451,1
3,227,-2.21821570100481,-0.361260509025765,1
1,228,-4.19460647869844,-0.8945031497088,1
2,228,-2.58032964630034,-0.383985552063663,1
3,228,-0.482348732402589,-0.434845143628961,1
1,229,-3.03353237391545,-0.858147002501136,1
2,229,-0.300587291730982,-0.565641397422286,1
3,229,-2.24594766179588,-0.446630079382006,1
1,230,-1.41234475487389,-1.0281066233873,1
2,230,-2.38654682805262,-0.641427793266895,1
3,230,-2.10793222526087,-0.697674116198892,1
1,231,-1.24973289911237,-0.681723398442507,1
2,231,-0.374016485796367,-0.512535880078898,1
3,231,-2.64091390016304,-0.281036594635809,1
1,232,-0.904344125546426,-0.68683097784321,1
2,232,-1.92512570695883,-0.39113494382388,1
3,232,-0.459713244253036,-1.0560861977903,1
1,233,-3.50710287400485,-0.699701029359824,1
2,233,-2.15048794806765,-0.480252560010629,1
3,233,-3.665009793822,-0.552302899341537,1
1,234,-1.93646072679663,-0.242052611368001,1
2,234,-2.02283739178216,-0.918528428076611,1
3,234,-4.16658501423205,-0.364844714130479,1
1,235,-0.563165672689325,-0.24552674853034,1
2,235,-3.88037871444149,-0.540333080283117,1
3,235,-0.86391303742167,-0.643651477516389,1
1,236,-1.86783264350334,-0.686805703517445,1
2,236,0.470980788398428,-0.739888151376948,1
3,236,-0.364381668046401,-0.461327699777945,1
1,237,-2.22906656066909,-0.187618035049733,1
2,237,-2.9854829868187,-0.651535301838234,1
3,237,-2.38167824125162,-0.469376752528765,1
1,238,-1.86984465773651,-0.240347696668767,1
2,238,-2.97866611365572,-0.750021815232309,1
3,238,-2.9040562492874,-0.492577394420395,1
1,239,-1.90941442923408,-0.749338251362081,1
2,239,-1.9717397588035,-0.400263092655196,1
3,239,-4.20534103292737,-0.567424426244115,1
1,240,-0.845908193307993,-0.454764727246773,1
2,240,-2.55773833392607,-0.66564945568097,1
3,240,-2.62447063453548,-0.672001120517478,1
1,241,-0.735134166574959,-0.430793297331842,1
2,241,-2.80399136832065,-0.386031890542023,1
3,241,-2.94245121232592,-0.602432168763594,1
1,242,-1.23191812217453,-0.807900675244181,1
2,242,-0.920766270036083,-0.940621153604273,1
3,242,-1.08534687720872,-0.790065466827531,1
1,243,-3.42245124228947,-0.661738457993436,1
2,243,-2.69115085418255,-0.534645619817339,1
3,243,-3.89625598218132,-0.0457459127603688,1
1,244,-2.87900919321494,-0.376026592925698,1
2,244,-1.08550348725039,-0.279171324074733,1
3,244,-1.96064522007972,-0.231536339857266,1
1,245,-0.800826679977182,-0.677752325883098,1
2,245,-0.91781992390952,-0.544731363659016,1
3,245,-2.28482660294482,-0.597861839715059,1
1,246,-0.628756358795406,-0.523077155712324,1
2,246,-2.26617364592423,-0.692446223738402,1
3,246,-1.31752203737619,-0.78390234894349,1
1,247,-2.56089369677387,-0.655889511565201,1
2,247,-2.51339874009287,-0.208002689954666,1
3,247,-0.755160886286917,-0.599702015974939,1
1,248,-0.970041338350424,-0.387094486253821,1
2,248,-0.995487021392346,-0.494273228103624,1
3,248,-3.1511415448144,-0.7738618798094,1
1,249,-1.41511156841831,-0.450897004686821,1
2,249,-3.67640233395344,-0.361929632126332,1
3,249,-3.42165258245506,-0.776219397353427,1
1,250,-0.0239309904033602,-0.474139162955178,1
2,250,-3.88581370652052,-0.680417331732675,1
3,250,-2.10760066991741,-0.734693306358068,1
1,251,-2.61303370409249,-0.350892485914753,1
2,251,-1.98732333165826,-0.61723054323072,1
3,251,-2.34606096981318,-0.154135779286712,1
1,252,-4.61891702286272,-0.378140797865332,1
2,252,-0.935267050665736,-0.64859401582354,1
3,252,-1.79567486057356,-0.857331847557009,1
1,253,-4.793388474646,-0.430914038679084,1
2,253,-1.82334056589864,-0.789094924433448,1
3,253,-2.1642937970592,-0.562895632658768,1
1,254,-2.77088605684729,-0.748845998050046,1
2,254,-4.18020640612353,-0.719293994886297,1
3,254,-1.96440884640645,-0.432159446241881,1
1,255,-1.80252549336018,-0.632947350030924,1
2,255,-0.948054909625413,-0.110178525841682,1
3,255,-0.286876865200063,-0.432955742088437,1
1,256,-3.21914952973416,-0.489761676728045,1
2,256,-2.07542166329086,-0.607234859866124,1
3,256,-1.77334010101274,-0.386867937773971,1
1,257,-4.07730203420863,-0.317434751051146,1
2,257,-2.82002943127018,-0.518701110028879,1
3,257,-1.86938648512372,-0.369340813875671,1
1,258,-2.01894445562654,-0.461691755570245,1
2,258,-1.77037764128003,-0.59210900353451,1
3,258,-1.55700993704259,-1.05327249660308,1
1,259,-1.04828211201826,-0.940352980781457,1
2,259,-3.80812937019218,-0.18583080619538,1
3,259,-1.87627118703243,-0.331229428423513,1
1,260,-1.66256230479663,-0.691863255747008,1
2,260,0.497852413583258,-0.493113754290943,1
3,260,-0.447847434781897,-0.365734544595065,1
1,261,-3.42517449067522,-0.513903042429706,1
2,261,-2.98070288203054,-0.561293780998864,1
3,261,-3.0185056083916,-0.364958095576066,1
1,262,-2.41922502763595,-0.79077819889618,1
2,262,-0.962490913820687,-0.491437506735946,1
3,262,-2.68004685039986,-0.452433075199448,1
1,263,-3.06787384048667,-1.01942364741772,1
2,263,-1.69089861667489,-0.368602276711306,1
3,263,-1.79784836527877,-0.398254644470651,1
1,264,-2.3157660513804,-0.678581778356108,1
2,264,-2.7068102696649,-0.592120993409961,1
3,264,-1.95640786533612,-0.333270913131726,1
1,265,-2.74935007567051,-0.675069719366767,1
2,265,-3.06841455950229,-0.388097838330253,1
3,265,-3.68188417940769,-0.414708787321376,1
1,266,-1.20715178976616,-0.80709507099204,1
2,266,-0.208950449731076,-1.01321127425118,1
3,266,-1.3071459294652,-0.738344938755666,1
1,267,-2.02148285864039,-0.78721766982959,1
2,267,-2.03913515562918,-0.572305172403503,1
3,267,-0.520770562161919,-0.43901540122533,1
1,268,-0.792803779352289,-0.615686602232336,1
2,268,-2.66520274919058,-0.719609153029103,1
3,268,-2.04244282683186,-0.0856764188568293,1
1,269,-0.441728540897041,-0.682816852963445,1
2,269,-1.93705641993653,-0.642301510544369,1
3,269,-1.55263018892572,-0.583009612929301,1
1,270,-2.00627688673981,-0.737202229877735,1
2,270,-2.05332196849505,-0.91434288577784,1
3,270,-1.58536266173803,-0.400051993229065,1
1,271,-1.83522533010137,-0.673459947752636,1
2,271,-1.28126343394467,-0.144121650982597,1
3,271,-2.68486110576596,-0.639561110052859,1
1,272,-1.80636250522938,-0.49822260580351,1
2,272,-4.18886056481116,-0.742805370104392,1
3,272,-2.29840178734735,-0.607771751914441,1
1,273,-0.731113028811884,-0.228637773471655,1
2,273,-1.18881582147574,-0.0314240305414186,1
3,273,-2.19228118084864,-0.393437047590632,1
1,274,-2.95867912734835,-0.947238559867022,1
2,274,-3.29364602976132,-0.190617343410023,1
3,274,-0.836304379588973,-0.26046802440708,1
