Emax_pop,1,0.039437,0.0069743,-0.040058,-0.058301,0.041511,0.025014,-0.014093
EC50_pop,0.039437,1,-0.84981,0.12068,-0.026091,-0.013649,-0.036479,0.029532
beta_EC50_gender_1,0.0069743,-0.84981,1,-0.0095874,0.015648,0.090164,0.020878,-0.043847
S0_pop,-0.040058,0.12068,-0.0095874,1,0.052024,0.026789,-0.24655,0.087949
omega_Emax,-0.058301,-0.026091,0.015648,0.052024,1,-0.018331,-0.02411,-0.02067
omega_EC50,0.041511,-0.013649,0.090164,0.026789,-0.018331,1,-0.009634,-0.21114
omega_S0,0.025014,-0.036479,0.020878,-0.24655,-0.02411,-0.009634,1,-0.18477
a,-0.014093,0.029532,-0.043847,0.087949,-0.02067,-0.21114,-0.18477,1
