Emax_pop,38.324,0.22752,0.0041083,-0.25435,-0.015749,0.010531,0.0054971,-0.027202
EC50_pop,0.22752,0.86849,-0.075358,0.11535,-0.001061,-0.00052126,-0.0012068,0.0085811
beta_EC50_gender_1,0.0041083,-0.075358,0.0090543,-0.0009357,6.4973e-5,0.0003516,7.0524e-5,-0.0013009
S0_pop,-0.25435,0.11535,-0.0009357,1.052,0.0023283,0.001126,-0.008977,0.028126
omega_Emax,-0.015749,-0.001061,6.4973e-5,0.0023283,0.0019041,-3.278e-5,-3.7347e-5,-0.00028122
omega_EC50,0.010531,-0.00052126,0.0003516,0.001126,-3.278e-5,0.0016795,-1.4016e-5,-0.0026978
omega_S0,0.0054971,-0.0012068,7.0524e-5,-0.008977,-3.7347e-5,-1.4016e-5,0.0012602,-0.0020451
a,-0.027202,0.0085811,-0.0013009,0.028126,-0.00028122,-0.0026978,-0.0020451,0.097215
