beta0_pop,1,0.26923,-0.42751,0.011393,0.00053556,-0.093695
gamma0_pop,0.26923,1,-0.26432,0.18059,0.26991,0.23104
delta0_pop,-0.42751,-0.26432,1,0.092165,-0.27542,-0.43237
omega_beta0,0.011393,0.18059,0.092165,1,-0.088238,-0.12301
omega_gamma0,0.00053556,0.26991,-0.27542,-0.088238,1,0.41983
omega_delta0,-0.093695,0.23104,-0.43237,-0.12301,0.41983,1
