irep theta1 theta2 beta omega1 omega2 LL.IS
1 -1.935886 -0.4466443 -0.1420239 1.189571 0.217929 -431.9586
2 -1.626416 -0.5258802 -0.387517 1.084308 0.3159269 -445.0853
3 -1.474481 -0.5768003 -0.06087876 0.9895252 0.270632 -483.1374
4 -1.596021 -0.3666332 -0.06545959 0.5807429 0.2083088 -516.5147
5 -1.604471 -0.4575207 -0.1738231 0.8466816 0.2430869 -467.4636
6 -1.79141 -0.456966 -0.2360479 1.170463 0.254647 -451.2367
7 -1.874592 -0.3608041 -0.0940144 1.094385 0.1815913 -483.0638
8 -1.651667 -0.3980149 -0.200629 1.159263 0.1992696 -497.4925
9 -1.692349 -0.3606953 -0.2516118 0.8758553 0.1801918 -458.4862
10 -1.98774 -0.4000064 -0.2192601 1.170779 0.1445282 -403.3577
11 -1.473456 -0.3880813 -0.1513239 0.9593608 0.1923763 -534.4773
12 -2.036243 -0.3594857 -0.1569063 1.233068 0.201459 -455.7845
13 -1.526618 -0.4705027 -0.1026387 1.020907 0.2160116 -497.8474
14 -1.707383 -0.3613278 -0.1215119 0.9084802 0.1688432 -484.0929
15 -1.563088 -0.4963234 -0.1006833 1.056332 0.2157262 -478.3221
16 -1.504189 -0.4836318 -0.02010512 0.8644958 0.2450249 -518.6712
17 -1.641979 -0.5149208 -0.1520002 0.8563348 0.2527262 -435.2512
18 -1.572802 -0.4978587 -0.2675115 1.099637 0.274397 -470.5949
19 -1.992829 -0.4342648 -0.02220053 1.159731 0.2105891 -452.2756
20 -1.519313 -0.3921404 -0.1574065 0.8279298 0.2026405 -508.3152
21 -1.677216 -0.4153477 -0.2348216 1.258483 0.2030668 -491.4246
22 -1.580317 -0.380693 -0.2502952 0.8822238 0.1898017 -476.2646
23 -1.806285 -0.4099943 -0.1906885 1.067616 0.2383246 -468.6676
24 -1.49864 -0.3962839 -0.1143098 0.919301 0.1988335 -531.3063
25 -1.615163 -0.4484583 -0.1222852 0.9065966 0.1811113 -458.7651
26 -1.642754 -0.4169253 -0.1386516 1.140431 0.1633935 -485.3585
27 -2.16141 -0.2837566 -0.07041718 1.166082 0.127144 -460.3963
28 -1.752073 -0.3795477 -0.1856612 1.060433 0.1952744 -476.2204
29 -1.779997 -0.5233958 0.01784021 1.194589 0.2261053 -468.3101
30 -1.590646 -0.5375869 -0.1170239 1.117495 0.238215 -465.6217
31 -1.515201 -0.4633271 -0.1979323 0.6411224 0.2920801 -480.04
32 -1.690021 -0.3045096 -0.3125837 1.253389 0.1422646 -516.375
33 -1.664849 -0.299883 -0.2451927 0.8423584 0.129908 -483.0543
34 -1.687447 -0.4717568 -0.1542103 1.058047 0.2346522 -462.2113
35 -1.762314 -0.4456207 -0.1332156 1.136945 0.2380042 -476.453
36 -1.350165 -0.566864 -0.08233193 0.8185457 0.2640505 -489.208
37 -1.602211 -0.385385 -0.108183 0.5992843 0.1926232 -474.5781
38 -1.987642 -0.2912436 -0.1845988 1.080835 0.1066916 -448.085
39 -1.602968 -0.3713294 -0.2439928 0.7919908 0.2564193 -506.6455
40 -1.693248 -0.4528424 -0.3135111 1.009378 0.2097309 -424.1195
41 -1.571281 -0.5471303 0.03302322 0.6346001 0.234142 -447.8717
42 -1.951071 -0.3192487 -0.2201435 1.322925 0.1863227 -490.4824
43 -1.75016 -0.3821771 -0.08289282 1.04069 0.2010112 -503.9568
44 -1.739002 -0.2817138 -0.2423934 1.136601 0.1609869 -526.4689
45 -1.531067 -0.4341444 -0.159009 0.6560537 0.1967852 -457.0328
46 -1.829504 -0.5493713 -0.0830167 1.133852 0.3474306 -471.4719
47 -1.694458 -0.2963618 -0.2501358 0.930022 0.171268 -504.514
48 -1.807397 -0.4329051 -0.1546385 1.021782 0.1782742 -427.8212
49 -1.806487 -0.3751629 -0.09849524 1.037604 0.1962919 -491.0818
50 -1.736469 -0.3728215 -0.06508731 0.9314374 0.2071915 -506.7727
51 -2.190113 -0.4705939 -0.2042319 1.520036 0.2230171 -400.1454
52 -1.531995 -0.3738321 -0.2117075 0.7431043 0.158484 -475.9064
53 -1.58251 -0.2775714 -0.2147053 0.7486552 0.1596962 -530.4396
54 -1.401312 -0.379684 -0.1850702 0.9154656 0.1992958 -548.9405
55 -1.5814 -0.4166864 -0.05044234 0.9823291 0.166152 -509.7498
56 -1.551702 -0.5435482 -0.1937324 1.23986 0.3039168 -496.3846
57 -1.676078 -0.4188456 -0.233292 0.7797235 0.2548788 -456.0324
58 -1.843407 -0.4821787 0.009012069 1.187328 0.2290724 -478.4046
59 -1.519426 -0.419885 -0.177257 0.8394351 0.2114399 -491.6291
60 -1.71247 -0.4352743 -0.169351 0.9069702 0.1882448 -435.2387
61 -1.498238 -0.4413203 -0.1532395 0.8093938 0.2184428 -489.3451
62 -1.718936 -0.278999 -0.2513032 0.643883 0.1775239 -479.537
63 -1.779533 -0.3553141 -0.1307449 1.216901 0.1392738 -498.2395
64 -1.638048 -0.3017404 -0.2396648 0.9934835 0.1316171 -506.1659
65 -1.634722 -0.4805583 -0.1812099 1.135126 0.2393839 -472.4496
66 -1.697598 -0.3133711 -0.3041985 0.8849997 0.2499791 -516.1154
67 -1.549928 -0.3939446 -0.1990438 1.023667 0.2482856 -534.743
68 -1.958529 -0.435969 -0.1108847 1.216701 0.242292 -454.4323
69 -1.892783 -0.4339202 -0.09123671 1.267463 0.1759756 -453.9335
70 -1.691375 -0.395591 -0.1880752 0.9140521 0.2410254 -486.7561
71 -1.637766 -0.5349948 -0.251591 1.00505 0.3013147 -442.2266
72 -2.057724 -0.3060705 -0.3117261 1.15325 0.1603813 -425.7815
73 -1.753467 -0.5626317 -0.2987615 1.170408 0.3383 -432.895
74 -1.594231 -0.4938561 -0.02363571 1.029921 0.1244727 -456.3656
75 -1.757633 -0.3525132 -0.2261396 1.004949 0.1859407 -473.7314
76 -1.81712 -0.3668894 -0.2013005 0.9478125 0.170369 -440.8436
77 -1.759328 -0.4133548 -0.08788805 1.17562 0.1607828 -478.4319
78 -1.989151 -0.4310423 -0.1413201 1.152397 0.2163328 -423.2717
79 -1.451079 -0.5566753 -0.06966287 0.8266874 0.2449616 -467.1564
80 -1.514814 -0.5220284 -0.1630026 0.9223492 0.1236114 -421.4132
81 -2.075993 -0.2933256 -0.1725518 1.201867 0.1652468 -467.2221
82 -1.743077 -0.3720012 -0.1386789 0.9374171 0.1719433 -471.1012
83 -1.489907 -0.5046523 -0.1080436 0.9821632 0.2451907 -497.0461
84 -1.61944 -0.3989822 -0.1385288 0.8109676 0.1655144 -465.2905
85 -1.915435 -0.3947847 -0.09222792 1.218504 0.1816601 -469.6062
86 -1.477294 -0.508503 -0.4132097 0.9460713 0.2909871 -454.1479
87 -1.390692 -0.4958375 -0.2053253 0.4456956 0.2896394 -475.6104
88 -1.813559 -0.4315533 -0.109947 1.152946 0.1407875 -441.5609
89 -1.404081 -0.4719084 -0.1241047 0.6638521 0.2668878 -513.0981
90 -1.468077 -0.4467329 -0.05898099 0.7592186 0.18042 -495.4103
91 -1.585206 -0.5173233 -0.1962729 1.135001 0.3251244 -502.3693
92 -1.773235 -0.3869193 -0.06208428 0.931051 0.1541745 -464.1924
93 -1.705821 -0.5076272 -0.08375227 1.30531 0.261824 -494.4015
94 -1.461804 -0.351694 -0.4231142 0.7341764 0.1552518 -466.8321
95 -1.848877 -0.4994265 -0.09108507 1.293548 0.244387 -461.8235
96 -1.596928 -0.4750583 -0.1364392 0.9697875 0.2465961 -478.986
97 -1.64408 -0.2778464 -0.2141858 0.6989709 0.1472891 -500.8079
98 -1.608655 -0.5307515 -0.2073906 1.198007 0.2588926 -462.9132
99 -1.823611 -0.3344114 -0.2168513 0.7894379 0.1235913 -417.3557
100 -2.301745 -0.3267918 -0.1044499 1.393651 0.2097088 -457.0941
101 -1.609069 -0.4964169 -0.07897169 0.9961701 0.1862051 -455.9189
102 -1.966992 -0.3885646 -0.2375271 1.214047 0.2028327 -438.2416
103 -1.71439 -0.420214 -0.101094 1.32672 0.1910063 -515.3873
104 -1.469975 -0.5213777 -0.1587855 0.484868 0.2657949 -440.3433
105 -1.80602 -0.3686757 -0.1704454 0.9084948 0.1969075 -455.4532
106 -1.69326 -0.3687203 -0.1178857 0.8356818 0.1726512 -478.8213
107 -1.534721 -0.4399614 -0.1722632 0.8786536 0.2824762 -518.8498
108 -1.537983 -0.5127906 -0.2661096 0.9747744 0.244443 -445.9329
109 -1.556461 -0.4213575 -0.1733791 1.018788 0.1623839 -481.8129
110 -1.785569 -0.350051 -0.1722111 1.020559 0.1486442 -465.0141
111 -1.918293 -0.4186497 -0.2261618 1.401519 0.1926821 -451.3239
112 -1.661559 -0.3521263 -0.2876287 0.9672811 0.1982451 -485.9887
113 -1.687449 -0.4515358 -0.1848165 0.8640367 0.2551339 -455.9522
114 -1.429408 -0.4361189 -0.1131642 0.640854 0.2153783 -500.2545
115 -2.017143 -0.3206366 -0.2228796 1.197987 0.1653877 -444.777
116 -2.048588 -0.3494767 -0.1385778 1.118733 0.1768426 -437.1167
117 -1.853147 -0.3198618 -0.1343125 0.7800574 0.1777515 -463.1767
118 -1.840153 -0.3290935 -0.1399254 0.8501947 0.1705255 -460.5328
119 -1.812654 -0.4553702 -0.02817338 1.182229 0.2277798 -491.5022
120 -1.830583 -0.3396623 -0.1365786 1.103015 0.1566794 -486.8351
121 -1.534869 -0.5058889 -0.1052647 0.8187659 0.2445445 -469.8195
122 -1.993303 -0.3896389 -0.2259544 1.234736 0.2583037 -456.8352
123 -1.63802 -0.5255198 -0.05463459 1.297541 0.2031766 -482.2496
124 -1.629004 -0.4403816 -0.1305368 1.184048 0.2065862 -503.2406
125 -1.679043 -0.3612874 -0.193211 0.7841198 0.2203929 -484.6044
126 -1.792982 -0.395689 -0.1378494 1.128104 0.2314464 -494.3688
127 -1.690681 -0.6543949 -0.1769133 1.129991 0.323094 -411.703
128 -1.704764 -0.3575751 -0.2993889 0.9114003 0.1942241 -462.6252
129 -1.529884 -0.5404242 -0.08843791 0.917972 0.3599561 -524.0992
130 -2.055096 -0.3886152 -0.1847346 1.056014 0.2108384 -410.1241
131 -1.659955 -0.3516214 -0.1755626 0.687382 0.1694622 -463.19
132 -1.4746 -0.5013073 -0.3274986 1.007395 0.2724385 -467.5044
133 -1.723806 -0.4824734 0.03890212 0.9517394 0.1796493 -461.2343
134 -1.987119 -0.3038482 -0.1463055 1.044646 0.1471406 -460.1565
135 -1.712329 -0.3375978 -0.2279977 1.125694 0.09313238 -473.1473
136 -2.159688 -0.221411 -0.2220029 1.362209 0.1368869 -494.1961
137 -1.361095 -0.38606 -0.2264272 0.8821482 0.2293297 -555.1073
138 -1.541744 -0.4709863 -0.2165646 0.8881147 0.2804672 -484.4304
139 -1.78529 -0.3716992 -0.11316 0.9696197 0.1499583 -464.1857
140 -1.939205 -0.4859473 -0.04596903 1.230147 0.249189 -455.5508
141 -1.436274 -0.4447181 -0.09468394 1.076255 0.1874948 -529.5818
142 -1.743658 -0.4492135 -0.1165594 0.9710864 0.2204625 -453.5139
143 -1.786515 -0.4470677 -0.05675308 1.156037 0.1927611 -470.8917
144 -1.812716 -0.2944907 -0.2316139 1.054524 0.1437285 -486.9579
145 -1.515453 -0.4430263 -0.1475251 0.6532597 0.190927 -451.947
146 -1.671617 -0.4557667 -0.1311681 0.841051 0.2427643 -460.1784
147 -1.6463 -0.4202566 -0.04097185 0.9582698 0.1622822 -488.5045
148 -1.672894 -0.3483767 -0.2106597 1.035808 0.2040498 -510.413
149 -1.821643 -0.3560362 -0.1731638 1.157154 0.1688902 -478.9082
150 -1.757208 -0.4082473 -0.2317344 0.6903925 0.2523022 -433.8195
151 -1.518125 -0.4150356 -0.1950782 0.9610927 0.1965574 -496.83
152 -1.615191 -0.3235094 -0.3128243 0.8461765 0.171457 -483.221
153 -1.743 -0.375673 -0.1522353 0.6886631 0.2071413 -454.8721
154 -1.287906 -0.482102 -0.1652531 0.58996 0.2420096 -501.2739
155 -1.371574 -0.4087849 -0.1828057 0.9832561 0.2039179 -547.9605
156 -1.933208 -0.3137773 -0.1793745 1.090181 0.1520777 -463.695
157 -1.898107 -0.3563918 -0.3870908 1.25647 0.2083844 -448.0407
158 -1.967567 -0.2973313 -0.2361984 1.287996 0.1558486 -483.2623
159 -1.630929 -0.3700045 -0.15754 0.891964 0.1422029 -477.5372
160 -1.559404 -0.4166296 -0.1545964 0.7339263 0.1955295 -468.6894
161 -1.905594 -0.4652767 -0.1574544 1.045968 0.2417427 -420.9331
162 -1.972288 -0.5142669 -0.1456341 1.225079 0.230692 -399.6696
163 -1.815458 -0.4326991 -0.09953095 1.247959 0.2393838 -495.488
164 -1.660777 -0.4770901 -0.2140776 1.03496 0.2949729 -476.8716
165 -1.737545 -0.4251545 -0.1286437 1.293214 0.2233516 -506.0652
166 -1.731829 -0.4233724 -0.1653505 1.184327 0.1961204 -477.4172
167 -1.317389 -0.4313527 -0.3030736 0.8389331 0.2687876 -535.3987
168 -1.740739 -0.4063534 -0.2234587 0.94747 0.2019253 -444.4079
169 -1.775488 -0.4998204 -0.2771282 1.060281 0.2800972 -421.4153
170 -1.525388 -0.5176537 -0.106466 0.9837738 0.1902875 -456.9474
171 -1.263285 -0.4959224 -0.296863 0.6675537 0.2349405 -476.1851
172 -1.707446 -0.5805384 0.03910048 1.051504 0.2687653 -462.4052
173 -1.576178 -0.6031328 -0.1586924 0.9495562 0.34312 -457.4316
174 -1.45829 -0.493308 -0.1516596 1.047456 0.2555738 -510.7964
175 -1.615207 -0.4804381 -0.1512283 1.242184 0.2773088 -510.2534
176 -1.951242 -0.2985402 -0.1075 1.035863 0.1232094 -470.5847
177 -2.256906 -0.3219105 -0.1664254 1.421399 0.1357411 -427.5665
178 -1.683895 -0.4437487 -0.2408063 1.385492 0.2001984 -482.5123
179 -1.806087 -0.4089865 -0.108678 0.9795439 0.2308063 -473.2411
180 -2.161362 -0.2941279 -0.1728789 1.135539 0.1496775 -428.4055
181 -1.631741 -0.4391802 -0.007602028 0.8767193 0.1841769 -488.2956
182 -1.403949 -0.5152427 -0.09847676 0.8614229 0.2566607 -506.877
183 -1.635211 -0.4700853 -0.176719 0.8117793 0.2713534 -460.3326
184 -1.462031 -0.494813 -0.2024217 1.001127 0.2388232 -482.8179
185 -1.966376 -0.2521435 -0.2413248 1.139379 0.1486523 -487.3158
186 -1.688081 -0.3961299 -0.1846121 1.025743 0.226496 -494.4792
187 -1.750329 -0.3855566 -0.4240632 1.110156 0.256798 -461.1725
188 -1.826622 -0.3961062 -0.2704752 1.334598 0.2310143 -482.7088
189 -1.646069 -0.4082688 -0.1994284 0.9850151 0.2055865 -477.1818
190 -1.841399 -0.3592775 -0.1567415 1.278586 0.205624 -512.8983
191 -1.511556 -0.4482413 -0.3362396 1.056293 0.1715206 -455.2966
192 -1.559532 -0.4147649 -0.2328968 1.005552 0.2477356 -507.2505
193 -1.644902 -0.416313 -0.1034799 0.8025177 0.1704487 -458.0636
194 -1.188644 -0.5155875 -0.2247101 0.6572789 0.2684228 -509.168
195 -1.632239 -0.3518892 -0.3059587 1.069002 0.1682194 -486.4615
196 -1.617137 -0.3614508 -0.2256059 0.8290341 0.1967354 -486.0602
197 -1.824247 -0.3658747 -0.2450968 1.071235 0.2242365 -468.3913
198 -1.4877 -0.3744231 -0.1806892 0.7957228 0.2291636 -536.0209
199 -1.690964 -0.4677247 -0.06084809 0.9421942 0.2251075 -470.1759
200 -1.928565 -0.5358294 -0.0795912 1.18701 0.2572436 -418.6262
