irep theta1 theta2 beta omega1 omega2 LL.IS
1 -1.930612 -0.4563447 -0.1397345 1.217412 0.2202416 -431.9883
2 -1.610182 -0.5225086 -0.381667 1.050508 0.3174383 -445.0436
3 -1.428677 -0.5921032 -0.07037479 0.9600781 0.2818521 -483.222
4 -1.578068 -0.3633047 -0.06355996 0.5777946 0.2034486 -516.4574
5 -1.570178 -0.4646246 -0.180506 0.841075 0.2505282 -467.5178
6 -1.74361 -0.4693654 -0.2248463 1.131288 0.2580997 -451.2522
7 -1.87104 -0.3575692 -0.08286727 1.091995 0.1723451 -482.9191
8 -1.590902 -0.4075707 -0.2143798 1.137416 0.1963456 -497.5881
9 -1.661525 -0.3714144 -0.234408 0.8566531 0.1835929 -458.4439
10 -1.985728 -0.3846583 -0.204112 1.157913 0.117946 -403.0555
11 -1.426281 -0.4164434 -0.1439796 0.9358358 0.2095663 -534.5822
12 -1.99113 -0.3733437 -0.1570978 1.205816 0.2102865 -455.8139
13 -1.494104 -0.4996197 -0.09008288 1.004117 0.2354361 -497.9541
14 -1.675895 -0.3852784 -0.1147887 0.918766 0.1804386 -484.2081
15 -1.54911 -0.5062517 -0.1034742 1.06037 0.2230118 -478.3472
16 -1.475831 -0.4937589 -0.01266862 0.8572966 0.2464544 -518.7003
17 -1.634552 -0.4906381 -0.1508296 0.8325714 0.2356983 -435.1266
18 -1.54671 -0.4954015 -0.2823772 1.078236 0.2712188 -470.6134
19 -1.968461 -0.4292907 -0.03328151 1.13313 0.2097875 -452.2836
20 -1.489057 -0.417641 -0.145587 0.8590485 0.2112408 -508.4372
21 -1.666875 -0.4119324 -0.2329048 1.261138 0.1968712 -491.4013
22 -1.578482 -0.3792849 -0.243545 0.8958433 0.1798595 -476.2066
23 -1.794247 -0.4189114 -0.1741469 1.06345 0.244012 -468.638
24 -1.502217 -0.4019019 -0.105642 0.9579701 0.1957628 -531.3201
25 -1.60132 -0.4365131 -0.1314738 0.9013107 0.1714575 -458.7275
26 -1.672344 -0.3956961 -0.1365171 1.170273 0.1394931 -485.1658
27 -2.164159 -0.2726541 -0.06517152 1.153136 0.1108497 -460.2156
28 -1.748424 -0.3789332 -0.1850881 1.06209 0.1950118 -476.2147
29 -1.783199 -0.5075365 0.02912907 1.163203 0.2126259 -468.171
30 -1.542654 -0.5289015 -0.1027125 1.04579 0.2253285 -465.4975
31 -1.480886 -0.4846629 -0.2021192 0.6399283 0.3063609 -480.193
32 -1.696116 -0.2798895 -0.312235 1.22838 0.1146407 -516.2102
33 -1.674528 -0.2932419 -0.2425878 0.8641971 0.1205435 -482.9301
34 -1.637651 -0.4989551 -0.1359323 1.02376 0.2474882 -462.2488
35 -1.710528 -0.4636889 -0.1253221 1.091525 0.2435948 -476.5359
36 -1.324938 -0.5532035 -0.08823023 0.7732252 0.2559915 -489.1457
37 -1.5568 -0.3981314 -0.1099225 0.5475544 0.1996755 -474.6324
38 -1.990226 -0.2751704 -0.1921075 1.065944 0.09370652 -447.8826
39 -1.599794 -0.3607385 -0.2413346 0.8070076 0.2442462 -506.5887
40 -1.651122 -0.4560894 -0.3098481 0.9676042 0.2094972 -424.1123
41 -1.55945 -0.5437188 0.02828654 0.6451972 0.2332457 -447.9046
42 -1.973373 -0.3021485 -0.2064957 1.318837 0.1663063 -490.3027
43 -1.709468 -0.4073684 -0.08807649 1.04419 0.2162151 -504.1696
44 -1.742261 -0.2741744 -0.2446801 1.134657 0.1506656 -526.406
45 -1.517476 -0.40251 -0.1601594 0.5781133 0.1727134 -456.8653
46 -1.820123 -0.5391113 -0.08462946 1.114038 0.3445808 -471.4324
47 -1.696123 -0.2798053 -0.2537316 0.9189343 0.15666 -504.4887
48 -1.758841 -0.4390436 -0.1611957 0.9821699 0.1813307 -427.8775
49 -1.804599 -0.3684381 -0.09942395 1.056669 0.1855573 -491.0465
50 -1.708706 -0.3944476 -0.05916535 0.9402045 0.2174207 -506.8801
51 -2.141717 -0.4840762 -0.2043161 1.491624 0.2214301 -400.2043
52 -1.496934 -0.3865178 -0.2137323 0.7280853 0.1696274 -475.9873
53 -1.553791 -0.2830548 -0.217075 0.7604671 0.1587879 -530.5412
54 -1.386279 -0.3656858 -0.1981485 0.8972562 0.1894814 -548.934
55 -1.588576 -0.4059413 -0.03418226 0.9518718 0.1584983 -509.5656
56 -1.533932 -0.5385577 -0.2034418 1.227658 0.3030179 -496.3911
57 -1.690714 -0.4203548 -0.2314355 0.8294841 0.2565204 -456.0428
58 -1.79681 -0.4991252 0.01196455 1.155964 0.2393225 -478.4629
59 -1.455015 -0.4445567 -0.1837419 0.8008452 0.2272931 -491.7707
60 -1.712644 -0.4524037 -0.1597185 0.9475579 0.1966687 -435.3465
61 -1.453616 -0.4505714 -0.1546017 0.7674344 0.2275326 -489.3863
62 -1.693603 -0.2888974 -0.2592502 0.6546966 0.182019 -479.6328
63 -1.780932 -0.3417082 -0.1281048 1.201903 0.1246487 -498.0878
64 -1.61585 -0.3034248 -0.2418021 0.9852861 0.1266276 -506.1589
65 -1.60991 -0.4866796 -0.1810336 1.111141 0.242641 -472.4711
66 -1.652633 -0.3152911 -0.2930487 0.8367052 0.2461285 -516.0898
67 -1.526826 -0.417784 -0.1901828 1.035925 0.2644977 -534.8719
68 -1.907479 -0.4739155 -0.1076157 1.213966 0.2631518 -454.6225
69 -1.903876 -0.4026548 -0.0957973 1.244605 0.1556755 -453.7993
70 -1.643505 -0.4146175 -0.2036084 0.9199351 0.2530261 -486.9085
71 -1.617174 -0.5477285 -0.2435409 0.9852123 0.3127974 -442.2378
72 -2.076376 -0.2706022 -0.3106594 1.154264 0.1186554 -425.5117
73 -1.688116 -0.5808901 -0.2845917 1.11973 0.3457284 -432.918
74 -1.56152 -0.4873672 -0.02277535 0.9968442 0.09545114 -456.117
75 -1.729565 -0.3426396 -0.2312908 0.9657192 0.1785783 -473.6946
76 -1.824254 -0.3496113 -0.2065837 0.970075 0.1460784 -440.684
77 -1.739654 -0.4110592 -0.09094983 1.165209 0.1537046 -478.3827
78 -1.947373 -0.4345127 -0.1459259 1.101693 0.2240815 -423.3045
79 -1.42127 -0.5891808 -0.05853248 0.8338411 0.2635515 -467.283
80 -1.508832 -0.493188 -0.1675633 0.884314 0.09488303 -421.0418
81 -2.093707 -0.2820991 -0.17684 1.236386 0.1554373 -467.1639
82 -1.763001 -0.3297795 -0.1495123 0.9048465 0.1356598 -470.8156
83 -1.458243 -0.514681 -0.1028775 0.9720654 0.2488381 -497.0708
84 -1.610553 -0.3868768 -0.1482062 0.8292431 0.1550202 -465.229
85 -1.900907 -0.381865 -0.1041291 1.190835 0.1784956 -469.5898
86 -1.460874 -0.5167806 -0.4107503 0.9383035 0.2980794 -454.148
87 -1.398961 -0.4840579 -0.1928414 0.4007157 0.2856782 -475.5112
88 -1.812797 -0.405871 -0.1234445 1.151305 0.1068185 -441.3549
89 -1.366253 -0.4881648 -0.1190032 0.6440617 0.2763472 -513.1851
90 -1.46441 -0.4451312 -0.06937214 0.8085667 0.1773009 -495.4785
91 -1.562386 -0.5267024 -0.208394 1.135994 0.3347925 -502.4432
92 -1.757161 -0.3772662 -0.05868448 0.8967206 0.1434595 -464.0642
93 -1.675785 -0.4992718 -0.0867543 1.276722 0.2520758 -494.4379
94 -1.446994 -0.3352015 -0.3997644 0.6850191 0.1330262 -466.6231
95 -1.807887 -0.505889 -0.1107271 1.2757 0.2472917 -461.9445
96 -1.523496 -0.5156372 -0.1398743 0.9244376 0.2732845 -479.0784
97 -1.617181 -0.2874293 -0.2160622 0.7084788 0.1493927 -500.887
98 -1.591974 -0.5371592 -0.2056114 1.192351 0.2611965 -462.9337
99 -1.825692 -0.3148194 -0.2140686 0.7961502 0.07910431 -416.9045
100 -2.308163 -0.3192763 -0.1108496 1.408659 0.2025725 -457.1051
101 -1.612829 -0.4756191 -0.07964035 1.007247 0.1646939 -455.8285
102 -1.94081 -0.372431 -0.2233905 1.167759 0.1841964 -438.0774
103 -1.694182 -0.4135284 -0.09124628 1.290928 0.1829964 -515.2949
104 -1.467889 -0.5160068 -0.1414322 0.4550045 0.2640307 -440.2504
105 -1.788386 -0.3712798 -0.1753439 0.9026179 0.1972154 -455.474
106 -1.645882 -0.3738061 -0.1161838 0.8031952 0.1694292 -478.8339
107 -1.487609 -0.4480243 -0.1732006 0.8257549 0.2868264 -518.8986
108 -1.479176 -0.5316093 -0.2797911 0.9487916 0.2534815 -446.0576
109 -1.520165 -0.4144868 -0.169123 0.976257 0.1497281 -481.6765
110 -1.788263 -0.3367325 -0.1637619 1.020302 0.1285615 -464.8715
111 -1.924696 -0.3997543 -0.2201375 1.413347 0.1601206 -451.184
112 -1.642745 -0.3466075 -0.2856607 0.9503638 0.1886413 -485.954
113 -1.663454 -0.4452543 -0.1838464 0.8497402 0.2478184 -455.9339
114 -1.440882 -0.4130882 -0.1229387 0.63489 0.2006686 -500.1624
115 -2.003862 -0.3210524 -0.213668 1.183278 0.1595184 -444.7127
116 -2.023258 -0.3497903 -0.1443335 1.116311 0.1714678 -437.1977
117 -1.84112 -0.3203134 -0.1217313 0.7646604 0.1753016 -463.0934
118 -1.817916 -0.3371556 -0.1337327 0.8686191 0.1641008 -460.6363
119 -1.76249 -0.4738033 -0.0263487 1.157091 0.235596 -491.5893
120 -1.824154 -0.3359727 -0.1366627 1.112641 0.1504137 -486.8073
121 -1.531919 -0.5005688 -0.1087735 0.8501807 0.2389152 -469.7804
122 -1.95031 -0.3892 -0.2217994 1.195207 0.2546182 -456.8154
123 -1.637423 -0.5152835 -0.0444246 1.281601 0.1955639 -482.1743
124 -1.590254 -0.432242 -0.1329198 1.124299 0.1979868 -503.1739
125 -1.638303 -0.3643255 -0.1944789 0.7369488 0.2224985 -484.5552
126 -1.78387 -0.4044539 -0.142241 1.126894 0.2414319 -494.3627
127 -1.635642 -0.6800506 -0.1935487 1.090347 0.3465248 -411.7449
128 -1.73954 -0.3089671 -0.2894996 0.9252993 0.1480036 -462.4698
129 -1.495496 -0.5681181 -0.08702608 0.9071292 0.3781676 -524.1422
130 -2.046645 -0.3557632 -0.175275 1.017946 0.178662 -409.9517
131 -1.656802 -0.353923 -0.1659201 0.683149 0.1714279 -463.161
132 -1.475453 -0.4848503 -0.3339754 0.9931328 0.2616744 -467.4466
133 -1.694761 -0.4874604 0.02580195 0.9401164 0.1849508 -461.3272
134 -1.970364 -0.3019751 -0.147372 1.043642 0.1473415 -460.1325
135 -1.739303 -0.3126319 -0.2370427 1.134484 0.05532161 -472.6165
136 -2.124871 -0.2206688 -0.2205539 1.330192 0.1277517 -494.0862
137 -1.345422 -0.393881 -0.2278842 0.8677995 0.2368768 -555.131
138 -1.535916 -0.4564271 -0.2220362 0.9075412 0.2652179 -484.4439
139 -1.773525 -0.3699806 -0.1144734 0.9740136 0.1503968 -464.1733
140 -1.860598 -0.5037641 -0.03700222 1.162222 0.2551629 -455.5411
141 -1.425075 -0.4446471 -0.1057601 1.094958 0.1832026 -529.6306
142 -1.681644 -0.4723532 -0.1125756 0.9387782 0.2319925 -453.6101
143 -1.758534 -0.4561132 -0.05231663 1.125159 0.1967133 -470.9216
144 -1.819698 -0.2858088 -0.2226107 1.054283 0.1360241 -486.8625
145 -1.51018 -0.4468082 -0.1413375 0.6566923 0.1949642 -451.9419
146 -1.639277 -0.4748171 -0.1208068 0.8408723 0.2493986 -460.2405
147 -1.602202 -0.4318151 -0.02955462 0.9093844 0.166524 -488.4301
148 -1.649887 -0.345081 -0.2145129 1.012718 0.1991582 -510.4264
149 -1.823434 -0.3521549 -0.1702276 1.173526 0.1551386 -478.84
150 -1.74004 -0.4093633 -0.2260299 0.6779768 0.2526186 -433.796
151 -1.503407 -0.4120197 -0.1964284 0.951567 0.1883804 -496.8245
152 -1.626034 -0.2972005 -0.3127746 0.8516971 0.1438885 -483.0911
153 -1.696472 -0.3871943 -0.1461366 0.6671971 0.2079908 -454.8552
154 -1.273517 -0.4680992 -0.1664023 0.5594885 0.2294884 -501.2169
155 -1.340862 -0.4059825 -0.2018009 0.959138 0.2032794 -548.0276
156 -1.980294 -0.2782669 -0.1868431 1.120054 0.1186303 -463.4924
157 -1.862903 -0.3681351 -0.3802885 1.250324 0.209491 -448.0577
158 -1.942125 -0.2936982 -0.2361599 1.251481 0.1526786 -483.2073
159 -1.641605 -0.3605376 -0.1648428 0.926823 0.1235963 -477.4907
160 -1.532689 -0.4234288 -0.1505384 0.7183262 0.2012385 -468.7371
161 -1.896939 -0.4511808 -0.1518005 1.071881 0.2207096 -420.9387
162 -1.957345 -0.5077224 -0.1666044 1.214588 0.235664 -399.7225
163 -1.773735 -0.4486075 -0.09765664 1.2093 0.2501053 -495.5249
164 -1.626685 -0.483676 -0.2042008 1.003373 0.2969261 -476.8718
165 -1.691104 -0.4410873 -0.135727 1.265238 0.2332672 -506.1814
166 -1.739039 -0.3985315 -0.1666906 1.169851 0.1737444 -477.3294
167 -1.29229 -0.4278779 -0.2971585 0.8202307 0.2604412 -535.3622
168 -1.720187 -0.4032203 -0.2235453 0.9258319 0.1934562 -444.401
169 -1.755923 -0.5056239 -0.2693315 1.073469 0.2781443 -421.4309
170 -1.507782 -0.512202 -0.0968293 0.963098 0.1752325 -456.912
171 -1.237624 -0.4973732 -0.3092158 0.6466894 0.2353889 -476.2201
172 -1.693331 -0.5830235 0.03850814 1.042541 0.2695416 -462.406
173 -1.550781 -0.6291095 -0.1419371 0.9526902 0.3549875 -457.4779
174 -1.429513 -0.4871009 -0.1451591 1.010847 0.2477539 -510.7626
175 -1.594535 -0.4841903 -0.1581825 1.233815 0.2816935 -510.2865
176 -1.940954 -0.2909085 -0.1062523 1.024503 0.1099915 -470.3871
177 -2.271789 -0.3139886 -0.1516457 1.431047 0.1074013 -427.3285
178 -1.699653 -0.4134463 -0.2243625 1.351256 0.1732645 -482.2382
179 -1.739192 -0.432448 -0.1078531 0.9430139 0.2405529 -473.4384
180 -2.140838 -0.2994307 -0.1737056 1.152477 0.1463876 -428.4421
181 -1.630221 -0.4349946 0.001947847 0.8838244 0.1764054 -488.2353
182 -1.418675 -0.5186185 -0.07871561 0.8850253 0.2538447 -506.792
183 -1.612074 -0.4902324 -0.1806132 0.8064114 0.2891263 -460.4484
184 -1.436367 -0.494402 -0.2074398 0.9770608 0.2362523 -482.8249
185 -1.980207 -0.2436816 -0.23117 1.150589 0.1376635 -487.2169
186 -1.663346 -0.4040529 -0.1807171 0.9888339 0.2328254 -494.4664
187 -1.728836 -0.3803624 -0.419415 1.104555 0.2455766 -461.1341
188 -1.790464 -0.4076131 -0.2693776 1.326103 0.2351252 -482.757
189 -1.6106 -0.4243193 -0.2027773 0.9497541 0.2211575 -477.2776
190 -1.78634 -0.3724012 -0.1604566 1.251291 0.2133501 -512.9686
191 -1.510484 -0.4201874 -0.3341046 1.029964 0.1318514 -455.0048
192 -1.541715 -0.4377805 -0.2367394 1.039183 0.2616721 -507.3546
193 -1.598802 -0.4323548 -0.1037181 0.780803 0.179811 -458.0758
194 -1.172398 -0.5271782 -0.2194193 0.6487584 0.2762393 -509.1778
195 -1.652172 -0.3188439 -0.318463 1.082371 0.1324247 -486.3026
196 -1.572465 -0.3882862 -0.2095336 0.8421747 0.2065513 -486.1867
197 -1.776072 -0.3796231 -0.2389456 1.036309 0.2289463 -468.4454
198 -1.454069 -0.3754743 -0.1812393 0.7503434 0.2292259 -535.9999
199 -1.626355 -0.4822249 -0.04944053 0.8611046 0.2317888 -470.0999
200 -1.906203 -0.5650891 -0.08325956 1.208389 0.2743263 -418.776
