beta0_pop,0.00040814,1.9561e-7,-1.43e-5,3.7163e-6,4.8186e-7,-0.00011152
gamma0_pop,1.9561e-7,1.2934e-9,-1.574e-8,1.0487e-7,4.3231e-7,4.8955e-7
delta0_pop,-1.43e-5,-1.574e-8,2.7416e-6,2.4641e-6,-2.031e-5,-4.218e-5
omega_beta0,3.7163e-6,1.0487e-7,2.4641e-6,0.00026072,-6.3453e-5,-0.00011702
omega_gamma0,4.8186e-7,4.3231e-7,-2.031e-5,-6.3453e-5,0.0019834,0.0011016
omega_delta0,-0.00011152,4.8955e-7,-4.218e-5,-0.00011702,0.0011016,0.0034712
